chr mid sweep_loess
48559 8 69807283.6211 109.30439758448
48560 8 69815436.2949 109.499635117042
48561 8 69823588.9688 109.693815603868
48562 8 69831741.6426 109.886883688612
48563 8 69839894.3164 110.078784014928
48564 8 69848046.9902 110.269461226468
48565 8 69856199.6641 110.458859966887
48566 8 69864352.3379 110.646924879837
48567 8 69872505.0117 110.833600608972
48568 8 69880657.6855 111.018831797947
48569 8 69888810.3594 111.202563090413
48570 8 69896963.0332 111.384739130025
48571 8 69905115.707 111.565304560436
48572 8 69913268.3809 111.7442040253
48573 8 69921421.0547 111.921382168269
48574 8 69929573.7285 112.096783632999
48575 8 69937726.4023 112.270353063141
48576 8 69945879.0762 112.44203510235
48577 8 69954031.75 112.611774394278
48578 8 69962184.4238 112.77951558258
48579 8 69970337.0977 112.945203310909
48580 8 69978489.7715 113.108782222918
48581 8 69986642.4453 113.270196962261
48582 8 69994795.1191 113.429392172591
48583 8 70002947.793 113.586312497562
48584 8 70011100.4668 113.740902580827
48585 8 70019253.1406 113.89310706604
48586 8 70027405.8145 114.042870596853
48587 8 70035558.4883 114.190137816922
48588 8 70043711.1621 114.334853369898
48589 8 70051863.8359 114.476961899436
48590 8 70060016.5098 114.616408049189
48591 8 70068169.1836 114.753136462811
48592 8 70076321.8574 114.887091783954
48593 8 70084474.5312 115.018218656273
48594 8 70092627.2051 115.146461723421
48595 8 70100779.8789 115.271765629051
48596 8 70108932.5527 115.394075016817
48597 8 70117085.2266 115.513334530372
48598 8 70125237.9004 115.62948881337
48599 8 70133390.5742 115.742482509464
48600 8 70141543.248 115.852260262307
48601 8 70149695.9219 115.958766715554
48602 8 70157848.5957 116.061946512858
48603 8 70166001.2695 116.161744297871
48604 8 70174153.9434 116.258104714248
48605 8 70182306.6172 116.350972405643
48606 8 70190459.291 116.440292015707
48607 8 70198611.9648 116.526008188096
48608 8 70206764.6387 116.608065566462
48609 8 70214917.3125 116.686408794459
48610 8 70223069.9863 116.76098251574
48611 8 70231222.6602 116.831731373959
48612 8 70239375.334 116.898600012769
48613 8 70247528.0078 116.961533075825
48614 8 70255680.6816 117.020475206778
48615 8 70263833.3555 117.075371049283
48616 8 70271986.0293 117.126165246993
48617 8 70280138.7031 117.172802443562
48618 8 70288291.377 117.215227282643
48619 8 70296444.0508 117.25338440789
48620 8 70304596.7246 117.287218462955
48621 8 70312749.3984 117.316674091494
48622 8 70320902.0723 117.341695937158
48623 8 70329054.7461 117.362228643601
48624 8 70337207.4199 117.378216854478
48625 8 70345360.0938 117.390990750843
48626 8 70353512.7676 117.401924129761
48627 8 70361665.4414 117.411027058895
48628 8 70369818.1152 117.418309605907
48629 8 70377970.7891 117.423781838461
48630 8 70386123.4629 117.427453824219
48631 8 70394276.1367 117.429335630846
48632 8 70402428.8105 117.429437326004
48633 8 70410581.4844 117.427768977356
48634 8 70418734.1582 117.424340652566
48635 8 70426886.832 117.419162419296
48636 8 70435039.5059 117.41224434521
48637 8 70443192.1797 117.403596497972
48638 8 70451344.8535 117.393228945243
48639 8 70459497.5273 117.381151754688
48640 8 70467650.2012 117.36737499397
48641 8 70475802.875 117.351908730751
48642 8 70483955.5488 117.334763032695
48643 8 70492108.2227 117.315947967464
48644 8 70500260.8965 117.295473602723
48645 8 70508413.5703 117.273350006135
48646 8 70516566.2441 117.249587245362
48647 8 70524718.918 117.224195388067
48648 8 70532871.5918 117.197184501915
48649 8 70541024.2656 117.168564654567
48650 8 70549176.9395 117.138345913688
48651 8 70557329.6133 117.10653834694
48652 8 70565482.2871 117.073152021986
48653 8 70573634.9609 117.03819700649
48654 8 70581787.6348 117.001683368115
48655 8 70589940.3086 116.963621174523
48656 8 70598092.9824 116.924020493379
48657 8 70606245.6562 116.882891392345
48658 8 70614398.3301 116.840243939085
48659 8 70622551.0039 116.796088201261
48660 8 70630703.6777 116.750434246537
48661 8 70638856.3516 116.703292142576
48662 8 70647009.0254 116.654671957041
48663 8 70655161.6992 116.604583757596
48664 8 70663314.373 116.553037611902
48665 8 70671467.0469 116.500043587625
48666 8 70679619.7207 116.445611752426
48667 8 70687772.3945 116.389752173969
48668 8 70695925.0684 116.332474919917
48669 8 70704077.7422 116.273790057934
48670 8 70712230.416 116.213707655681
48671 8 70720383.0898 116.152237780824
48672 8 70728535.7637 116.089390501024
48673 8 70736688.4375 116.025175883945
48674 8 70744841.1113 115.95960399725
48675 8 70752993.7852 115.892684908602
48676 8 70761146.459 115.824428685665
48677 8 70769299.1328 115.754845396102
48678 8 70777451.8066 115.683945107575
48679 8 70785604.4805 115.611737887747
48680 8 70793757.1543 115.538233804283
48681 8 70801909.8281 115.463442924846
48682 8 70810062.502 115.387375317097
48683 8 70818215.1758 115.310041048701
48684 8 70826367.8496 115.231450187321
48685 8 70834520.5234 115.15161280062
48686 8 70842673.1973 115.07053895626
48687 8 70850825.8711 114.988238721906
48688 8 70858978.5449 114.904722165221
48689 8 70867131.2188 114.819999353866
48690 8 70875283.8926 114.734080355507
48691 8 70883436.5664 114.646975237805
48692 8 70891589.2402 114.558694068424
48693 8 70899741.9141 114.469246915028
48694 8 70907894.5879 114.378643845279
48695 8 70916047.2617 114.28689492684
48696 8 70924199.9355 114.194010227375
48697 8 70932352.6094 114.099999814547
48698 8 70940505.2832 114.004873756019
48699 8 70948657.957 113.908642119454
48700 8 70956810.6309 113.811314972515
48701 8 70964963.3047 113.712902382866
48702 8 70973115.9785 113.613414418169
48703 8 70981268.6523 113.512861146088
48704 8 70989421.3262 113.411252634286
48705 8 70997574 113.308598950427
48706 8 71005726.6738 113.204910162172
48707 8 71013879.3477 113.100196337186
48708 8 71022032.0215 112.994467543132
48709 8 71030184.6953 112.887733847672
48710 8 71038337.3691 112.780005318471
48711 8 71046490.043 112.67129202319
48712 8 71054642.7168 112.561604029494
48713 8 71062795.3906 112.450951405045
48714 8 71070948.0645 112.339344217507
48715 8 71079100.7383 112.226792534543
48716 8 71087253.4121 112.113306423815
48717 8 71095406.0859 111.998895952988
48718 8 71103558.7598 111.883571189724
48719 8 71111711.4336 111.767342201686
48720 8 71119864.1074 111.650219056538
48721 8 71128016.7812 111.532211821943
48722 8 71136169.4551 111.413330565563
48723 8 71144322.1289 111.293585355063
48724 8 71152474.8027 111.172986258105
48725 8 71160627.4766 111.051543342352
48726 8 71168780.1504 110.929266675468
48727 8 71176932.8242 110.806166325115
48728 8 71185085.498 110.682252358958
48729 8 71193238.1719 110.557534844658
48730 8 71201390.8457 110.43202384988
48731 8 71209543.5195 110.305729442286
48732 8 71217696.1934 110.17866168954
48733 8 71225848.8672 110.050830659304
48734 8 71234001.541 109.922246419242
48735 8 71242154.2148 109.792919037018
48736 8 71250306.8887 109.662858580293
48737 8 71258459.5625 109.532075116732
48738 8 71266612.2363 109.400578713997
70416 11 2024493.7173 109.562458867713
70417 11 2029371.1094 110.35989278123
70418 11 2034248.5015 111.159980166011
70419 11 2039125.8936 111.962722847788
70420 11 2044003.2856 112.768122652295
70421 11 2048880.6777 113.576181405265
70422 11 2053758.0698 114.386900932431
70423 11 2058635.4619 115.200283059526
70424 11 2063512.854 116.016329612284
70425 11 2068390.2461 116.835042416437
70426 11 2073267.6382 117.656423297719
70427 11 2078145.0303 118.480474081864
70428 11 2083022.4224 119.307196594603
70429 11 2087899.8145 120.136592661671
70430 11 2092777.2065 120.9686641088
70431 11 2097654.5986 121.803412761724
70432 11 2102531.9907 122.640840446176
70433 11 2107409.3828 123.480948987889
70434 11 2112286.7749 124.323740212597
70435 11 2117164.167 125.169215946032
70436 11 2122041.5591 126.017378013927
70437 11 2126918.9512 126.868228242017
70438 11 2131796.3433 127.721768456033
70439 11 2136673.7354 128.57800048171
70440 11 2141551.1274 129.43692614478
70441 11 2146428.5195 130.298547270976
70442 11 2151305.9116 131.162865686032
70443 11 2156183.3037 132.029883215682
70444 11 2161060.6958 132.899601685657
70445 11 2165938.0879 133.772022921692
70446 11 2170815.48 134.647148749519
70447 11 2175692.8721 135.524980994872
70448 11 2180570.2642 136.405521483483
70449 11 2185447.6562 137.288772041087
70450 11 2190325.0483 138.174734493416
70451 11 2195202.4404 139.063410666203
70452 11 2200079.8325 139.954802385182
70453 11 2204957.2246 140.848911476085
70454 11 2209834.6167 141.745739764647
70455 11 2214712.0088 142.645289076599
70456 11 2219589.4009 143.547561237676
70457 11 2224466.793 144.452558073611
70458 11 2229344.1851 145.360281410136
70459 11 2234221.5771 146.270733072985
70460 11 2239098.9692 147.183914887891
70461 11 2243976.3613 148.107623138617
70462 11 2248853.7534 149.049468290737
70463 11 2253731.1455 150.009173442705
70464 11 2258608.5376 150.986461692969
70465 11 2263485.9297 151.981056139983
70466 11 2268363.3218 152.992679882197
70467 11 2273240.7139 154.021056018063
70468 11 2278118.106 155.065907646032
70469 11 2282995.498 156.126957864555
70470 11 2287872.8901 157.203929772083
70471 11 2292750.2822 158.296546467069
70472 11 2297627.6743 159.404531047963
70473 11 2302505.0664 160.527606613217
70474 11 2307382.4585 161.665496261282
70475 11 2312259.8506 162.817923090609
70476 11 2317137.2427 163.98461019965
70477 11 2322014.6348 165.165280686856
70478 11 2326892.0269 166.359657650678
70479 11 2331769.4189 167.567464189568
70480 11 2336646.811 168.788423401977
70481 11 2341524.2031 170.022258386356
70482 11 2346401.5952 171.268692241157
70483 11 2351278.9873 172.527448064831
70484 11 2356156.3794 173.79824895583
70485 11 2361033.7715 175.080818012604
70486 11 2365911.1636 176.374878333606
70487 11 2370788.5557 177.680153017285
70488 11 2375665.9478 178.996365162095
70489 11 2380543.3398 180.323237866486
70490 11 2385420.7319 181.660494228909
70491 11 2390298.124 183.007857347815
70492 11 2395175.5161 184.365050321657
70493 11 2400052.9082 185.731796248886
70494 11 2404930.3003 187.107818227952
70495 11 2409807.6924 188.492839357307
70496 11 2414685.0845 189.886582735403
70497 11 2419562.4766 191.28877146069
70498 11 2424439.8687 192.699128631621
70499 11 2429317.2607 194.117377346646
70500 11 2434194.6528 195.543240704217
70501 11 2439072.0449 196.976441802785
70502 11 2443949.437 198.416703740802
70503 11 2448826.8291 199.863749616718
70504 11 2453704.2212 201.317302528986
70505 11 2458581.6133 202.777085576056
70506 11 2463459.0054 204.24282185638
70507 11 2468336.3975 205.714234468409
70508 11 2473213.7896 207.191046510594
70509 11 2478091.1816 208.672981081388
70510 11 2482968.5737 210.15976127924
70511 11 2487845.9658 211.651110202603
70512 11 2492723.3579 213.146750949928
70513 11 2497600.75 214.646406619667
70514 11 2502478.1421 216.149800310269
70515 11 2507355.5342 217.656655120188
70516 11 2512232.9263 219.166694147874
70517 11 2517110.3184 220.679640491778
70518 11 2521987.7104 222.195217250353
70519 11 2526865.1025 223.713147522048
70520 11 2531742.4946 225.233154405316
70521 11 2536619.8867 226.754960998608
70522 11 2541497.2788 228.278290400376
70523 11 2546374.6709 229.802865709069
70524 11 2551252.063 231.328410023141
70525 11 2556129.4551 232.854646441042
70526 11 2561006.8472 234.381298061224
70527 11 2565884.2393 235.908087982138
70528 11 2570761.6313 237.434739302235
70529 11 2575639.0234 238.960975119966
70530 11 2580516.4155 240.486518533783
70531 11 2585393.8076 242.011092642138
70532 11 2590271.1997 243.534420543482
70533 11 2595148.5918 245.056225336265
70534 11 2600025.9839 246.576230118939
70535 11 2604903.376 248.094157989957
70536 11 2609780.7681 249.609732047768
70537 11 2614658.1602 251.122675390825
70538 11 2619535.5522 252.632711117578
70539 11 2624412.9443 254.139562326479
70540 11 2629290.3364 255.64295211598
70541 11 2634167.7285 257.142603584531
70542 11 2639045.1206 258.638239830584
70543 11 2643922.5127 260.129583952591
70544 11 2648799.9048 261.616359049002
70545 11 2653677.2969 263.098288218269
70546 11 2658554.689 264.575094558844
70547 11 2663432.0811 266.046501169177
70548 11 2668309.4731 267.512231147721
70549 11 2673186.8652 268.972007592925
70550 11 2678064.2573 270.425553603243
70551 11 2682941.6494 271.872592277125
70552 11 2687819.0415 273.312846713021
70553 11 2692696.4336 274.746040009385
70554 11 2697573.8257 276.171895264667
70555 11 2702451.2178 277.590135577318
70556 11 2707328.6099 279.00048404579
70557 11 2712206.002 280.402663768534
70558 11 2717083.394 281.796397844001
70559 11 2721960.7861 283.181409370643
70560 11 2726838.1782 284.557421446912
70561 11 2731715.5703 285.924157171257
70562 11 2736592.9624 287.281339642132
70563 11 2741470.3545 288.628691957986
70564 11 2746347.7466 289.965937217272
70565 11 2751225.1387 291.292798518441
70566 11 2756102.5308 292.608998959944
70567 11 2760979.9229 293.914261640232
70568 11 2765857.3149 295.208309657758
70569 11 2770734.707 296.490866110971
70570 11 2775612.0991 297.761654098324
70571 11 2780489.4912 299.020396718267
70572 11 2785366.8833 300.266817069253
70573 11 2790244.2754 301.500638249732
70574 11 2795121.6675 302.721583358156
70575 11 2799999.0596 303.929375492977
70576 11 2804876.4517 305.123737752645
70577 11 2809753.8438 306.304393235611
70578 11 2814631.2358 307.471065040328
70579 11 2819508.6279 308.623476265246
70580 11 2824386.02 309.761350008817
70581 11 2829263.4121 310.884409369493
70582 11 2834140.8042 311.992377445724
70583 11 2839018.1963 313.084977335961
70584 11 2843895.5884 314.161932138657
70585 11 2848772.9805 315.222964952263
70586 11 2853650.3726 316.267798875229
70587 11 2858527.7646 317.296157006008
70588 11 2863405.1567 318.32707331405
70589 11 2868282.5488 319.379505824802
70590 11 2873159.9409 320.45306372071
70591 11 2878037.333 321.54735618422
70592 11 2882914.7251 322.661992397778
70593 11 2887792.1172 323.79658154383
70594 11 2892669.5093 324.950732804821
70595 11 2897546.9014 326.124055363197
70596 11 2902424.2935 327.316158401405
70597 11 2907301.6855 328.526651101889
70598 11 2912179.0776 329.755142647097
70599 11 2917056.4697 331.001242219473
70600 11 2921933.8618 332.264559001463
70601 11 2926811.2539 333.544702175514
70602 11 2931688.646 334.841280924071
70603 11 2936566.0381 336.153904429579
70604 11 2941443.4302 337.482181874486
70605 11 2946320.8223 338.825722441236
70606 11 2951198.2144 340.184135312275
70607 11 2956075.6064 341.55702967005
70608 11 2960952.9985 342.944014697006
70609 11 2965830.3906 344.344699575589
70610 11 2970707.7827 345.758693488244
70611 11 2975585.1748 347.185605617418
70612 11 2980462.5669 348.625045145557
70613 11 2985339.959 350.076621255105
70614 11 2990217.3511 351.53994312851
70615 11 2995094.7432 353.014619948217
70616 11 2999972.1353 354.500260896671
70617 11 3004849.5273 355.996475156319
70618 11 3009726.9194 357.502871909606
70619 11 3014604.3115 359.019060338979
70620 11 3019481.7036 360.544649626883
70621 11 3024359.0957 362.079248955763
70622 11 3029236.4878 363.622467508066
70623 11 3034113.8799 365.173914466238
70624 11 3038991.272 366.733199012724
70625 11 3043868.6641 368.29993032997
70626 11 3048746.0562 369.873717600423
70627 11 3053623.4482 371.454170006527
70628 11 3058500.8403 373.040896730729
70629 11 3063378.2324 374.633506955474
70630 11 3068255.6245 376.231609863209
70631 11 3073133.0166 377.834814636379
70632 11 3078010.4087 379.44273045743
70633 11 3082887.8008 381.054966508807
70634 11 3087765.1929 382.671131972958
70635 11 3092642.585 384.290836032326
70636 11 3097519.9771 385.91368786936
70637 11 3102397.3691 387.539296666503
70638 11 3107274.7612 389.167271606202
70639 11 3112152.1533 390.797221870903
70640 11 3117029.5454 392.428756643052
70641 11 3121906.9375 394.061485105094
70642 11 3126784.3296 395.695016439476
70643 11 3131661.7217 397.328959828642
70644 11 3136539.1138 398.96292445504
70645 11 3141416.5059 400.596519501114
70646 11 3146293.8979 402.229354149312
70647 11 3151171.29 403.861037582077
70648 11 3156048.6821 405.491178981857
70649 11 3160926.0742 407.119387531097
70650 11 3165803.4663 408.745272412242
70651 11 3170680.8584 410.36844280774
70652 11 3175558.2505 411.988507900035
70653 11 3180435.6426 413.605076871574
70654 11 3185313.0347 415.217758904802
70655 11 3190190.4268 416.826163182164
70656 11 3195067.8188 418.429898886108
70657 11 3199945.2109 420.028575199079
70658 11 3204822.603 421.621801303522
70659 11 3209699.9951 423.209186381884
70660 11 3214577.3872 424.790339616609
70661 11 3219454.7793 426.364870190145
70662 11 3224332.1714 427.932387284937
70663 11 3229209.5635 429.492500083431
70664 11 3234086.9556 431.044817768072
70665 11 3238964.3477 432.588949521306
70666 11 3243841.7397 434.12450452558
70667 11 3248719.1318 435.651091963338
70668 11 3253596.5239 437.168321017028
70669 11 3258473.916 438.675800869094
70670 11 3263351.3081 440.173140701983
70671 11 3268228.7002 441.65994969814
70672 11 3273106.0923 443.135837040012
70673 11 3277983.4844 444.600411910043
70674 11 3282860.8765 446.05328349068
70675 11 3287738.2686 447.494060964369
70676 11 3292615.6606 448.922353513555
70677 11 3297493.0527 450.337770320685
70678 11 3302370.4448 451.739920568204
70679 11 3307247.8369 453.128413438558
70680 11 3312125.229 454.502858114193
70681 11 3317002.6211 455.862863777554
70682 11 3321880.0132 457.208039611088
70683 11 3326757.4053 458.53799479724
70684 11 3331634.7974 459.852338518457
70685 11 3336512.1895 461.150679957183
70686 11 3341389.5815 462.432628295865
70687 11 3346266.9736 463.697792716949
70688 11 3351144.3657 464.945782402881
70689 11 3356021.7578 466.176206536105
70690 11 3360899.1499 467.388674299069
70691 11 3365776.542 468.582794874218
70692 11 3370653.9341 469.758177443997
70693 11 3375531.3262 470.914431190853
70694 11 3380408.7183 472.051165297232
70695 11 3385286.1104 473.167988945578
70696 11 3390163.5024 474.264511318339
70697 11 3395040.8945 475.34034159796
70698 11 3399918.2866 476.395088966887
70699 11 3404795.6787 477.428362607565
70700 11 3409673.0708 478.439771702441
70701 11 3414550.4629 479.428925433959
70702 11 3419427.855 480.395432984568
70703 11 3424305.2471 481.33890353671
70704 11 3429182.6392 482.258946272834
70705 11 3434060.0312 483.155170375384
70706 11 3438937.4233 484.027185026807
70707 11 3443814.8154 484.874599409548
70708 11 3448692.2075 485.697022706053
70709 11 3453569.5996 486.494064098768
70710 11 3458446.9917 487.265332770138
70711 11 3463324.3838 488.01043790261
70712 11 3468201.7759 488.72898867863
70713 11 3473079.168 489.420594280642
70714 11 3477956.5601 490.084863891094
70715 11 3482833.9521 490.737343439722
70716 11 3487711.3442 491.393743815796
70717 11 3492588.7363 492.053921641059
70718 11 3497466.1284 492.717733537256
70719 11 3502343.5205 493.385036126132
70720 11 3507220.9126 494.055686029429
70721 11 3512098.3047 494.729539868893
70722 11 3516975.6968 495.406454266267
70723 11 3521853.0889 496.086285843295
70724 11 3526730.481 496.768891221722
70725 11 3531607.873 497.454127023291
70726 11 3536485.2651 498.141849869747
70727 11 3541362.6572 498.831916382834
70728 11 3546240.0493 499.524183184296
70729 11 3551117.4414 500.218506895877
70730 11 3555994.8335 500.914744139321
70731 11 3560872.2256 501.612751536373
70732 11 3565749.6177 502.312385708776
70733 11 3570627.0098 503.013503278274
70734 11 3575504.4019 503.715960866612
70735 11 3580381.7939 504.419615095534
70736 11 3585259.186 505.124322586783
70737 11 3590136.5781 505.829939962104
70738 11 3595013.9702 506.536323843242
70739 11 3599891.3623 507.243330851939
70740 11 3604768.7544 507.950817609941
70741 11 3609646.1465 508.658640738991
70742 11 3614523.5386 509.366656860834
70743 11 3619400.9307 510.074722597213
70744 11 3624278.3228 510.782694569873
70745 11 3629155.7148 511.490429400557
70746 11 3634033.1069 512.197783711011
70747 11 3638910.499 512.904614122977
70748 11 3643787.8911 513.610777258201
70749 11 3648665.2832 514.316129738426
70750 11 3653542.6753 515.020528185396
70751 11 3658420.0674 515.723829220855
70752 11 3663297.4595 516.425889466548
70753 11 3668174.8516 517.126565544219
70754 11 3673052.2437 517.825714075612
70755 11 3677929.6357 518.52319168247
70756 11 3682807.0278 519.218854986538
70757 11 3687684.4199 519.91256060956
70758 11 3692561.812 520.604165173281
70759 11 3697439.2041 521.293525299444
70760 11 3702316.5962 521.980497609793
70761 11 3707193.9883 522.664938726073
70762 11 3712071.3804 523.346705270027
70763 11 3716948.7725 524.0256538634
70764 11 3721826.1646 524.701641127936
70765 11 3726703.5566 525.374523685379
70766 11 3731580.9487 526.044158157473
70767 11 3736458.3408 526.710401165962
70768 11 3741335.7329 527.37310933259
70769 11 3746213.125 528.032139279102
70770 11 3751090.5171 528.687347627241
70771 11 3755967.9092 529.338590998751
70772 11 3760845.3013 529.985726015378
70773 11 3765722.6934 530.628609298864
70774 11 3770600.0854 531.267097470954
70775 11 3775477.4775 531.901047153392
70776 11 3780354.8696 532.530314967922
70777 11 3785232.2617 533.154757536288
70778 11 3790109.6538 533.774231480235
70779 11 3794987.0459 534.388593421506
70780 11 3799864.438 534.997699981846
70781 11 3804741.8301 535.601407782998
70782 11 3809619.2222 536.199573446708
70783 11 3814496.6143 536.792053594718
70784 11 3819374.0063 537.378704848773
70785 11 3824251.3984 537.959383830617
70786 11 3829128.7905 538.533947161994
70787 11 3834006.1826 539.102251464648
70788 11 3838883.5747 539.664153360324
70789 11 3843760.9668 540.219509470766
70790 11 3848638.3589 540.768176417717
70791 11 3853515.751 541.310010822922
70792 11 3858393.1431 541.844869308125
70793 11 3863270.5352 542.372608495069
70794 11 3868147.9272 542.8930850055
70795 11 3873025.3193 543.406155461161
70796 11 3877902.7114 543.911676483796
70797 11 3882780.1035 544.409504695149
70798 11 3887657.4956 544.899496716965
70799 11 3892534.8877 545.381509170988
70800 11 3897412.2798 545.855398678961
70801 11 3902289.6719 546.321021862629
70802 11 3907167.064 546.778235343736
70803 11 3912044.4561 547.226895744026
70804 11 3916921.8481 547.666859685243
70805 11 3921799.2402 548.097983789132
70806 11 3926676.6323 548.520124677436
70807 11 3931554.0244 548.933138971899
70808 11 3936431.4165 549.336883294265
70809 11 3941308.8086 549.73121426628
70810 11 3946186.2007 550.115988509686
70811 11 3951063.5928 550.491062646228
70812 11 3955940.9849 550.85629329765
70813 11 3960818.377 551.211537085696
70814 11 3965695.769 551.556650632111
70815 11 3970573.1611 551.891490558637
70816 11 3975450.5532 552.215913487021
70817 11 3980327.9453 552.529776039004
70818 11 3985205.3374 552.832934836332
70819 11 3990082.7295 553.125246500749
70820 11 3994960.1216 553.406567653999
70821 11 3999837.5137 553.676754917826
70822 11 4004714.9058 553.935664913974
70823 11 4009592.2979 554.183154264187
70824 11 4014469.6899 554.419079590209
70825 11 4019347.082 554.643297513785
70826 11 4024224.4741 554.855664656659
70827 11 4029101.8662 555.056037640573
70828 11 4033979.2583 555.244273087274
70829 11 4038856.6504 555.420227618504
70830 11 4043734.0425 555.583757856009
70831 11 4048611.4346 555.734720421531
70832 11 4053488.8267 555.872971936815
70833 11 4058366.2188 555.998369023606
70834 11 4063243.6108 556.110768303648
70835 11 4068121.0029 556.210026398683
70836 11 4072998.395 556.295999930457
70837 11 4077875.7871 556.368545520714
70838 11 4082753.1792 556.427519791198
70839 11 4087630.5713 556.472779363652
70840 11 4092507.9634 556.504180859822
70841 11 4097385.3555 556.52158090145
70842 11 4102262.7476 556.5243590674
70843 11 4107140.1396 556.51209755729
70844 11 4112017.5317 556.484956923997
70845 11 4116894.9238 556.4430977204
70846 11 4121772.3159 556.386680499379
70847 11 4126649.708 556.315865813811
70848 11 4131527.1001 556.230814216576
70849 11 4136404.4922 556.131686260551
70850 11 4141281.8843 556.018642498614
70851 11 4146159.2764 555.891843483646
70852 11 4151036.6685 555.751449768523
70853 11 4155914.0605 555.597621906125
70854 11 4160791.4526 555.430520449331
70855 11 4165668.8447 555.250305951018
70856 11 4170546.2368 555.057138964065
70857 11 4175423.6289 554.851180041351
70858 11 4180301.021 554.632589735753
70859 11 4185178.4131 554.401528600152
70860 11 4190055.8052 554.158157187425
70861 11 4194933.1973 553.90263605045
70862 11 4199810.5894 553.635125742107
70863 11 4204687.9814 553.355786815274
70864 11 4209565.3735 553.064779822828
70865 11 4214442.7656 552.76226531765
70866 11 4219320.1577 552.448403852617
70867 11 4224197.5498 552.123355980608
70868 11 4229074.9419 551.787282254501
70869 11 4233952.334 551.440343227174
70870 11 4238829.7261 551.082699451508
70871 11 4243707.1182 550.714511480379
70872 11 4248584.5103 550.335939866666
70873 11 4253461.9023 549.947145163249
70874 11 4258339.2944 549.548287923004
70875 11 4263216.6865 549.139528698812
70876 11 4268094.0786 548.72102804355
70877 11 4272971.4707 548.292946510098
70878 11 4277848.8628 547.855444651332
70879 11 4282726.2549 547.408683020133
70880 11 4287603.647 546.952822169378
70881 11 4292481.0391 546.488022651946
70882 11 4297358.4312 546.014445020716
70883 11 4302235.8232 545.532249828565
70884 11 4307113.2153 545.041597628374
70885 11 4311990.6074 544.542648973019
70886 11 4316867.9995 544.03556441538
70887 11 4321745.3916 543.520504508335
70888 11 4326622.7837 542.997629804763
70889 11 4331500.1758 542.467100857542
70890 11 4336377.5679 541.92907821955
70891 11 4341254.96 541.383722443667
70892 11 4346132.3521 540.83119408277
70893 11 4351009.7441 540.271653689739
70894 11 4355887.1362 539.705261817451
70895 11 4360764.5283 539.132179018785
70896 11 4365641.9204 538.552565846621
70897 11 4370519.3125 537.966582853835
70898 11 4375396.7046 537.374390593307
70899 11 4380274.0967 536.776149617916
70900 11 4385151.4888 536.172020480539
70901 11 4390028.8809 535.562163734056
70902 11 4394906.2729 534.946739931344
70903 11 4399783.665 534.325909625283
70904 11 4404661.0571 533.699833368751
70905 11 4409538.4492 533.068671714626
70906 11 4414415.8413 532.432585215787
70907 11 4419293.2334 531.791734425112
70908 11 4424170.6255 531.146279895481
70909 11 4429048.0176 530.49638217977
70910 11 4433925.4097 529.84220183086
70911 11 4438802.8018 529.183899401628
70912 11 4443680.1938 528.521635444953
70913 11 4448557.5859 527.855570513714
70914 11 4453434.978 527.185865160789
70915 11 4458312.3701 526.512679939056
70916 11 4463189.7622 525.836175401394
70917 11 4468067.1543 525.156512100682
70918 11 4472944.5464 524.473850589798
70919 11 4477821.9385 523.78835142162
70920 11 4482699.3306 523.100175149028
70921 11 4487576.7227 522.409482324899
70922 11 4492454.1147 521.716433502112
70923 11 4497331.5068 521.021189233546
70924 11 4502208.8989 520.323910072079
70925 11 4507086.291 519.62475657059
70926 11 4511963.6831 518.923889281956
70927 11 4516841.0752 518.221468759058
70928 11 4521718.4673 517.517655554773
70929 11 4526595.8594 516.812610221979
70930 11 4531473.2515 516.106493313556
70931 11 4536350.6436 515.399465382382
70932 11 4541228.0356 514.691686981334
70933 11 4546105.4277 513.983318663293
70934 11 4550982.8198 513.274520981136
70935 11 4555860.2119 512.565454487742
70936 11 4560737.604 511.856279735989
70937 11 4565614.9961 511.147157278756
70938 11 4570492.3882 510.438247668921
70939 11 4575369.7803 509.729711459363
70940 11 4580247.1724 509.021709202961
70941 11 4585124.5645 508.314401452592
70942 11 4590001.9565 507.607948761136
70943 11 4594879.3486 506.902511681471
70944 11 4599756.7407 506.198250766476
70945 11 4604634.1328 505.495326569028
70946 11 4609511.5249 504.793899642007
70947 11 4614388.917 504.09413053829
70948 11 4619266.3091 503.396179810758
70949 11 4624143.7012 502.700208012287
70950 11 4629021.0933 502.006375695757
70951 11 4633898.4854 501.314843414046
70952 11 4638775.8774 500.625771720032
70953 11 4643653.2695 499.939321166595
70954 11 4648530.6616 499.255652306612
70955 11 4653408.0537 498.574925692962
70956 11 4658285.4458 497.897301878524
70957 11 4663162.8379 497.222941416176
70958 11 4668040.23 496.552004858797
70959 11 4672917.6221 495.884652759265
70960 11 4677795.0142 495.221045670458
70961 11 4682672.4062 494.561344145256
70962 11 4687549.7983 493.905708736537
70963 11 4692427.1904 493.254299997178
70964 11 4697304.5825 492.60727848006
70965 11 4702181.9746 491.96480473806
70966 11 4707059.3667 491.327039324056
70967 11 4711936.7588 490.694142790928
70968 11 4716814.1509 490.066275691554
70969 11 4721691.543 489.427602283177
70970 11 4726568.9351 488.762433384567
70971 11 4731446.3271 488.071149390892
70972 11 4736323.7192 487.35413069732
70973 11 4741201.1113 486.61175769902
70974 11 4746078.5034 485.844410791159
70975 11 4750955.8955 485.052470368906
70976 11 4755833.2876 484.236316827428
70977 11 4760710.6797 483.396330561894
70978 11 4765588.0718 482.532891967471
70979 11 4770465.4639 481.646381439328
70980 11 4775342.856 480.737179372633
70981 11 4780220.248 479.805666162554
70982 11 4785097.6401 478.852222204258
70983 11 4789975.0322 477.877227892915
70984 11 4794852.4243 476.881063623691
70985 11 4799729.8164 475.864109791756
70986 11 4804607.2085 474.826746792276
70987 11 4809484.6006 473.769355020421
70988 11 4814361.9927 472.692314871358
70989 11 4819239.3848 471.596006740255
70990 11 4824116.7769 470.480811022281
70991 11 4828994.1689 469.347108112603
70992 11 4833871.561 468.19527840639
70993 11 4838748.9531 467.025702298809
70994 11 4843626.3452 465.838760185029
70995 11 4848503.7373 464.634832460218
70996 11 4853381.1294 463.414299519543
70997 11 4858258.5215 462.177541758173
70998 11 4863135.9136 460.924939571276
70999 11 4868013.3057 459.65687335402
71000 11 4872890.6978 458.373723501573
71001 11 4877768.0898 457.075870409102
71002 11 4882645.4819 455.763694471778
71003 11 4887522.874 454.437576084766
71004 11 4892400.2661 453.097895643235
71005 11 4897277.6582 451.745033542354
71006 11 4902155.0503 450.37937017729
71007 11 4907032.4424 449.001285943212
71008 11 4911909.8345 447.611161235287
71009 11 4916787.2266 446.209376448683
71010 11 4921664.6187 444.796311978569
71011 11 4926542.0107 443.372348220113
71012 11 4931419.4028 441.937865568483
71013 11 4936296.7949 440.493244418846
71014 11 4941174.187 439.038865166371
71015 11 4946051.5791 437.575108206227
71016 11 4950928.9712 436.10235393358
71017 11 4955806.3633 434.620982743599
71018 11 4960683.7554 433.131375031452
71019 11 4965561.1475 431.633911192308
71020 11 4970438.5396 430.128971621334
71021 11 4975315.9316 428.616936713698
71022 11 4980193.3237 427.098186864568
71023 11 4985070.7158 425.573102469113
71024 11 4989948.1079 424.0420639225
71025 11 4994825.5 422.505451619898
71026 11 4999702.8921 420.963645956474
71027 11 5004580.2842 419.417027327397
71028 11 5009457.6763 417.865976127835
71029 11 5014335.0684 416.310872752956
71030 11 5019212.4604 414.752097597927
71031 11 5024089.8525 413.190031057918
71032 11 5028967.2446 411.625053528095
71033 11 5033844.6367 410.057545403627
71034 11 5038722.0288 408.487887079683
71035 11 5043599.4209 406.91645895143
71036 11 5048476.813 405.343641414035
71037 11 5053354.2051 403.769814862669
71038 11 5058231.5972 402.195359692497
71039 11 5063108.9893 400.620656298689
71040 11 5067986.3813 399.046085076412
71041 11 5072863.7734 397.472026420835
71042 11 5077741.1655 395.898860727126
71043 11 5082618.5576 394.326968390452
71044 11 5087495.9497 392.756729805982
71045 11 5092373.3418 391.188525368884
71046 11 5097250.7339 389.622735474325
71047 11 5102128.126 388.059740517475
71048 11 5107005.5181 386.4999208935
71049 11 5111882.9102 384.94365699757
71050 11 5116760.3022 383.391329224851
71051 11 5121637.6943 381.843317970513
71052 11 5126515.0864 380.300003629723
71053 11 5131392.4785 378.761766597649
71054 11 5136269.8706 377.228987269459
71055 11 5141147.2627 375.702046040322
71056 11 5146024.6548 374.181323305406
71057 11 5150902.0469 372.667199459878
71058 11 5155779.439 371.160054898906
71059 11 5160656.8311 369.660270017659
71060 11 5165534.2231 368.168225211305
71061 11 5170411.6152 366.684300875012
71062 11 5175289.0073 365.208877403947
71063 11 5180166.3994 363.74233519328
71064 11 5185043.7915 362.285054638177
71065 11 5189921.1836 360.837416133807
71066 11 5194798.5757 359.399800075339
71067 11 5199675.9678 357.972586857939
71068 11 5204553.3599 356.556156876777
71069 11 5209430.752 355.15089052702
71070 11 5214308.144 353.757168203837
71071 11 5219185.5361 352.375370302395
71072 11 5224062.9282 351.005877217862
71073 11 5228940.3203 349.649069345407
71074 11 5233817.7124 348.305327080197
71075 11 5238695.1045 346.975030817401
71076 11 5243572.4966 345.658560952187
71077 11 5248449.8887 344.356297879722
71078 11 5253327.2808 343.068621995176
71079 11 5258204.6729 341.795913693715
71080 11 5263082.0649 340.538553370508
71081 11 5267959.457 339.296921420723
71082 11 5272836.8491 338.071398239528
71083 11 5277714.2412 336.862364222092
71084 11 5282591.6333 335.670199763581
71085 11 5287469.0254 334.495285259165
71086 11 5292346.4175 333.338001104011
71087 11 5297223.8096 332.198727693288
71088 11 5302101.2017 331.077845422163
71089 11 5306978.5938 329.975734685804
71090 11 5311855.9858 328.89277587938
71091 11 5316733.3779 327.829349398059
71092 11 5321610.77 326.785835637009
71093 11 5326488.1621 325.762614991397
71094 11 5331365.5542 324.760067856392
71095 11 5336242.9463 323.760684449141
71096 11 5341120.3384 322.746863049346
71097 11 5345997.7305 321.718846146008
71098 11 5350875.1226 320.676876228129
71099 11 5355752.5146 319.621195784708
71100 11 5360629.9067 318.552047304748
71101 11 5365507.2988 317.469673277249
71102 11 5370384.6909 316.374316191212
71103 11 5375262.083 315.266218535638
71104 11 5380139.4751 314.145622799528
71105 11 5385016.8672 313.012771471882
71106 11 5389894.2593 311.867907041703
71107 11 5394771.6514 310.71127199799
71108 11 5399649.0435 309.543108829746
71109 11 5404526.4355 308.36366002597
71110 11 5409403.8276 307.173168075663
71111 11 5414281.2197 305.971875467828
71112 11 5419158.6118 304.760024691464
71113 11 5424036.0039 303.537858235572
71114 11 5428913.396 302.305618589154
71115 11 5433790.7881 301.063548241211
71116 11 5438668.1802 299.811889680743
71117 11 5443545.5723 298.550885396752
71118 11 5448422.9644 297.280777878238
71119 11 5453300.3564 296.001809614202
71120 11 5458177.7485 294.714223093646
71121 11 5463055.1406 293.41826080557
71122 11 5467932.5327 292.114165238975
71123 11 5472809.9248 290.802178882862
71124 11 5477687.3169 289.482544226233
71125 11 5482564.709 288.155503758087
71126 11 5487442.1011 286.821299967427
71127 11 5492319.4932 285.480175343253
71128 11 5497196.8853 284.132372374566
71129 11 5502074.2773 282.778133550366
71130 11 5506951.6694 281.417701359656
71131 11 5511829.0615 280.051318291436
71132 11 5516706.4536 278.679226834706
71133 11 5521583.8457 277.301669478469
71134 11 5526461.2378 275.918888711724
71135 11 5531338.6299 274.531127023472
71136 11 5536216.022 273.138626902716
71137 11 5541093.4141 271.741630838455
71138 11 5545970.8062 270.340381319691
71139 11 5550848.1982 268.935120835424
71140 11 5555725.5903 267.526091874656
71141 11 5560602.9824 266.113536926387
71142 11 5565480.3745 264.697698479619
71143 11 5570357.7666 263.278819023352
71144 11 5575235.1587 261.857141046588
71145 11 5580112.5508 260.432907038327
71146 11 5584989.9429 259.006359487571
71147 11 5589867.335 257.577740883319
71148 11 5594744.7271 256.147293714574
71149 11 5599622.1191 254.715260470336
71150 11 5604499.5112 253.281883639606
71151 11 5609376.9033 251.847405711385
71152 11 5614254.2954 250.412069174675
71153 11 5619131.6875 248.976116518475
71154 11 5624009.0796 247.539790231788
71155 11 5628886.4717 246.103332803613
71156 11 5633763.8638 244.666986722952
71157 11 5638641.2559 243.230994478806
71158 11 5643518.6479 241.795598560176
71159 11 5648396.04 240.361041456063
71160 11 5653273.4321 238.927565655468
71161 11 5658150.8242 237.495413647391
71162 11 5663028.2163 236.064827920834
71163 11 5667905.6084 234.636050964798
71164 11 5672783.0005 233.209325268283
71165 11 5677660.3926 231.784893320291
71166 11 5682537.7847 230.362997609822
71167 11 5687415.1768 228.943880625878
71168 11 5692292.5688 227.527784857459
71169 11 5697169.9609 226.114952793567
71170 11 5702047.353 224.705626923202
71171 11 5706924.7451 223.300049735365
71172 11 5711802.1372 221.898463719058
71173 11 5716679.5293 220.501111363281
71174 11 5721556.9214 219.108235157035
71175 11 5726434.3135 217.720077589321
71176 11 5731311.7056 216.33688114914
71177 11 5736189.0977 214.958888325494
71178 11 5741066.4897 213.586341607383
71179 11 5745943.8818 212.219483483807
71180 11 5750821.2739 210.858556443769
71181 11 5755698.666 209.503802976269
71182 11 5760576.0581 208.155465570307
71183 11 5765453.4502 206.813786714885
71184 11 5770330.8423 205.479008899005
71185 11 5775208.2344 204.151374611666
71186 11 5780085.6265 202.831126341869
71187 11 5784963.0186 201.518506578617
71188 11 5789840.4106 200.213757810909
71189 11 5794717.8027 198.917122527746
71190 11 5799595.1948 197.628843218131
71191 11 5804472.5869 196.349162371063
71192 11 5809349.979 195.078322475543
71193 11 5814227.3711 193.816566020573
71194 11 5819104.7632 192.564135495153
71195 11 5823982.1553 191.321273388285
71196 11 5828859.5474 190.088222188969
71197 11 5833736.9395 188.865224386206
71198 11 5838614.3315 187.652522468998
71199 11 5843491.7236 186.450358926345
71200 11 5848369.1157 185.258976247248
71201 11 5853246.5078 184.078616920708
71202 11 5858123.8999 182.909523435727
71203 11 5863001.292 181.751938281304
71204 11 5867878.6841 180.606103946442
71205 11 5872756.0762 179.47226292014
71206 11 5877633.4683 178.350657691401
71207 11 5882510.8604 177.241530749224
71208 11 5887388.2524 176.145124582612
71209 11 5892265.6445 175.061681680564
71210 11 5897143.0366 173.991444532082
71211 11 5902020.4287 172.934655626167
71212 11 5906897.8208 171.891557451819
71213 11 5911775.2129 170.862392498041
71214 11 5916652.605 169.847403253832
71215 11 5921529.9971 168.846832208193
71216 11 5926407.3892 167.860921850126
71217 11 5931284.7812 166.889914668632
71218 11 5936162.1733 165.934053152711
71219 11 5941039.5654 164.993579791365
71220 11 5945916.9575 164.068737073594
71221 11 5950794.3496 163.159767488399
71222 11 5955671.7417 162.259395236062
71223 11 5960549.1338 161.360195655586
71224 11 5965426.5259 160.46218794406
71225 11 5970303.918 159.565391298572
71226 11 5975181.3101 158.669824916207
71227 11 5980058.7021 157.775507994054
71228 11 5984936.0942 156.882459729201
71229 11 5989813.4863 155.990699318734
71230 11 5994690.8784 155.10024595974
71231 11 5999568.2705 154.211118849308
71232 11 6004445.6626 153.323337184525
71233 11 6009323.0547 152.436920162478
71234 11 6014200.4468 151.551886980255
71235 11 6019077.8389 150.668256834942
71236 11 6023955.231 149.786048923628
71237 11 6028832.623 148.905282443399
71238 11 6033710.0151 148.025976591343
71239 11 6038587.4072 147.148150564548
71240 11 6043464.7993 146.271823560101
71241 11 6048342.1914 145.397014775089
71242 11 6053219.5835 144.523743406599
71243 11 6058096.9756 143.65202865172
71244 11 6062974.3677 142.781889707538
71245 11 6067851.7598 141.913345771141
71246 11 6072729.1519 141.046416039616
71247 11 6077606.5439 140.181119710051
71248 11 6082483.936 139.317475979533
71249 11 6087361.3281 138.455504045149
71250 11 6092238.7202 137.595223103987
71251 11 6097116.1123 136.736652353134
71252 11 6101993.5044 135.879810989678
71253 11 6106870.8965 135.024718210706
71254 11 6111748.2886 134.171393213306
71255 11 6116625.6807 133.319855194564
71256 11 6121503.0728 132.470123351568
71257 11 6126380.4648 131.622216881406
71258 11 6131257.8569 130.776154981165
71259 11 6136135.249 129.931956847932
71260 11 6141012.6411 129.089641678795
71261 11 6145890.0332 128.249228670841
71262 11 6150767.4253 127.410737021158
71263 11 6155644.8174 126.574185926832
71264 11 6160522.2095 125.739594584953
71265 11 6165399.6016 124.906982192605
71266 11 6170276.9937 124.076367946878
71267 11 6175154.3857 123.247771044859
71268 11 6180031.7778 122.421210683634
71269 11 6184909.1699 121.596706060292
71270 11 6189786.562 120.774276371919
71271 11 6194663.9541 119.953940815604
71272 11 6199541.3462 119.135718588433
71273 11 6204418.7383 118.319628887494
71274 11 6209296.1304 117.505690909874
71275 11 6214173.5225 116.693923852661
71276 11 6219050.9146 115.884346912942
71277 11 6223928.3066 115.076979287805
71278 11 6228805.6987 114.271840174336
71279 11 6233683.0908 113.468948769624
71280 11 6238560.4829 112.668324270755
71281 11 6243437.875 111.869985874818
71282 11 6248315.2671 111.073952778899
71283 11 6253192.6592 110.280244180086
71284 11 6258070.0513 109.488879275466
79568 11 46662386.1235 109.616926485491
79569 11 46667263.5156 110.243907440049
79570 11 46672140.9077 110.861156208964
79571 11 46677018.2998 111.468410065391
79572 11 46681895.6919 112.065406282486
79573 11 46686773.084 112.651882133403
79574 11 46691650.4761 113.227574891298
79575 11 46696527.8682 113.792221829326
79576 11 46701405.2603 114.345560220641
79577 11 46706282.6523 114.887327338399
79578 11 46711160.0444 115.417260455755
79579 11 46716037.4365 115.935096845864
79580 11 46720914.8286 116.440573781881
79581 11 46725792.2207 116.933428536961
79582 11 46730669.6128 117.413398384259
79583 11 46735547.0049 117.88022059693
79584 11 46740424.397 118.33363244813
79585 11 46745301.7891 118.773371211013
79586 11 46750179.1812 119.199174158734
79587 11 46755056.5732 119.610778564449
79588 11 46759933.9653 120.007921701312
79589 11 46764811.3574 120.390340842479
79590 11 46769688.7495 120.757773261105
79591 11 46774566.1416 121.109956230344
79592 11 46779443.5337 121.446627023352
79593 11 46784320.9258 121.767522913284
79594 11 46789198.3179 122.072381173295
79595 11 46794075.71 122.36093907654
79596 11 46798953.1021 122.632933896174
79597 11 46803830.4941 122.888102905352
79598 11 46808707.8862 123.126183377229
79599 11 46813585.2783 123.346912584961
79600 11 46818462.6704 123.550027801702
79601 11 46823340.0625 123.744992729123
79602 11 46828217.4546 123.941409964194
79603 11 46833094.8467 124.139225123017
79604 11 46837972.2388 124.338383821697
79605 11 46842849.6309 124.538831676336
79606 11 46847727.0229 124.740514303037
79607 11 46852604.415 124.943377317905
79608 11 46857481.8071 125.147366337042
79609 11 46862359.1992 125.352426976551
79610 11 46867236.5913 125.558504852536
79611 11 46872113.9834 125.7655455811
79612 11 46876991.3755 125.973494778346
79613 11 46881868.7676 126.182298060379
79614 11 46886746.1597 126.3919010433
79615 11 46891623.5518 126.602249343213
79616 11 46896500.9438 126.813288576222
79617 11 46901378.3359 127.02496435843
79618 11 46906255.728 127.237222305939
79619 11 46911133.1201 127.450008034854
79620 11 46916010.5122 127.663267161278
79621 11 46920887.9043 127.876945301314
79622 11 46925765.2964 128.090988071065
79623 11 46930642.6885 128.305341086634
79624 11 46935520.0806 128.519949964125
79625 11 46940397.4727 128.734760319641
79626 11 46945274.8647 128.949717769286
79627 11 46950152.2568 129.164767929162
79628 11 46955029.6489 129.379856415373
79629 11 46959907.041 129.594928844022
79630 11 46964784.4331 129.809930831213
79631 11 46969661.8252 130.024807993049
79632 11 46974539.2173 130.239505945632
79633 11 46979416.6094 130.453970305067
79634 11 46984294.0015 130.668146687457
79635 11 46989171.3936 130.881980708904
79636 11 46994048.7856 131.095417985513
79637 11 46998926.1777 131.308404133386
79638 11 47003803.5698 131.520884768627
79639 11 47008680.9619 131.732805507339
79640 11 47013558.354 131.944111965625
79641 11 47018435.7461 132.154749759589
79642 11 47023313.1382 132.364664505334
79643 11 47028190.5303 132.573801818963
79644 11 47033067.9224 132.782107316579
79645 11 47037945.3145 132.989526614286
79646 11 47042822.7065 133.196005328188
79647 11 47047700.0986 133.401489074386
79648 11 47052577.4907 133.605923468985
79649 11 47057454.8828 133.809254128088
79650 11 47062332.2749 134.011426667798
79651 11 47067209.667 134.212386704219
79652 11 47072087.0591 134.412079853453
79653 11 47076964.4512 134.610451731605
79654 11 47081841.8433 134.807447954776
79655 11 47086719.2354 135.003014139071
79656 11 47091596.6274 135.197095900594
79657 11 47096474.0195 135.389638855446
79658 11 47101351.4116 135.580588619732
79659 11 47106228.8037 135.769890809554
79660 11 47111106.1958 135.957491041017
79661 11 47115983.5879 136.143334930222
79662 11 47120860.98 136.327368093275
79663 11 47125738.3721 136.509536146277
79664 11 47130615.7642 136.689784705332
79665 11 47135493.1562 136.868059386544
79666 11 47140370.5483 137.044305806016
79667 11 47145247.9404 137.21846957985
79668 11 47150125.3325 137.390496324151
79669 11 47155002.7246 137.560331655021
79670 11 47159880.1167 137.727921188564
79671 11 47164757.5088 137.893210540884
79672 11 47169634.9009 138.056145328082
79673 11 47174512.293 138.216671166264
79674 11 47179389.6851 138.374733671531
79675 11 47184267.0771 138.530278459988
79676 11 47189144.4692 138.683251147737
79677 11 47194021.8613 138.833597350882
79678 11 47198899.2534 138.981262685527
79679 11 47203776.6455 139.126192767773
79680 11 47208654.0376 139.268333213726
79681 11 47213531.4297 139.407629639487
79682 11 47218408.8218 139.54402766116
79683 11 47223286.2139 139.67747289485
79684 11 47228163.606 139.807910956657
79685 11 47233040.998 139.935287462688
79686 11 47237918.3901 140.059548029043
79687 11 47242795.7822 140.180638271827
79688 11 47247673.1743 140.298503807143
79689 11 47252550.5664 140.413090251095
79690 11 47257427.9585 140.524343219784
79691 11 47262305.3506 140.632208329316
79692 11 47267182.7427 140.736631195793
79693 11 47272060.1348 140.837557435318
79694 11 47276937.5269 140.934932663995
79695 11 47281814.9189 141.028702497927
79696 11 47286692.311 141.118812553217
79697 11 47291569.7031 141.205208445968
79698 11 47296447.0952 141.287835792285
79699 11 47301324.4873 141.366640208269
79700 11 47306201.8794 141.441567310025
79701 11 47311079.2715 141.512562713656
79702 11 47315956.6636 141.579572035264
79703 11 47320834.0557 141.642540890954
79704 11 47325711.4478 141.701414896828
79705 11 47330588.8398 141.75613966899
79706 11 47335466.2319 141.806660823543
79707 11 47340343.624 141.852923976591
79708 11 47345221.0161 141.894874744236
79709 11 47350098.4082 141.932458742582
79710 11 47354975.8003 141.965621587732
79711 11 47359853.1924 141.99430889579
79712 11 47364730.5845 142.018466282858
79713 11 47369607.9766 142.038039365041
79714 11 47374485.3687 142.052973758441
79715 11 47379362.7607 142.063215079161
79716 11 47384240.1528 142.068708943306
79717 11 47389117.5449 142.069400966977
79718 11 47393994.937 142.06523676628
79719 11 47398872.3291 142.056161957316
79720 11 47403749.7212 142.042122156189
79721 11 47408627.1133 142.023062979002
79722 11 47413504.5054 141.998930041859
79723 11 47418381.8975 141.969668960863
79724 11 47423259.2896 141.935225352117
79725 11 47428136.6816 141.895544831725
79726 11 47433014.0737 141.850573015789
79727 11 47437891.4658 141.800255520413
79728 11 47442768.8579 141.741763531867
79729 11 47447646.25 141.672401320095
79730 11 47452523.6421 141.592314126714
79731 11 47457401.0342 141.50164719334
79732 11 47462278.4263 141.400545761591
79733 11 47467155.8184 141.289155073083
79734 11 47472033.2104 141.167620369434
79735 11 47476910.6025 141.03608689226
79736 11 47481787.9946 140.894699883177
79737 11 47486665.3867 140.743604583803
79738 11 47491542.7788 140.582946235755
79739 11 47496420.1709 140.412870080649
79740 11 47501297.563 140.233521360102
79741 11 47506174.9551 140.045045315731
79742 11 47511052.3472 139.847587189152
79743 11 47515929.7393 139.641292221984
79744 11 47520807.1313 139.426305655841
79745 11 47525684.5234 139.202772732342
79746 11 47530561.9155 138.970838693102
79747 11 47535439.3076 138.73064877974
79748 11 47540316.6997 138.482348233871
79749 11 47545194.0918 138.226082297112
79750 11 47550071.4839 137.961996211081
79751 11 47554948.876 137.690235217394
79752 11 47559826.2681 137.410944557668
79753 11 47564703.6602 137.124269473519
79754 11 47569581.0522 136.830355206565
79755 11 47574458.4443 136.529346998422
79756 11 47579335.8364 136.221390090708
79757 11 47584213.2285 135.906629725038
79758 11 47589090.6206 135.58521114303
79759 11 47593968.0127 135.2572795863
79760 11 47598845.4048 134.922980296467
79761 11 47603722.7969 134.582458515145
79762 11 47608600.189 134.235859483952
79763 11 47613477.5811 133.883328444505
79764 11 47618354.9731 133.525010638421
79765 11 47623232.3652 133.161051307316
79766 11 47628109.7573 132.791595692808
79767 11 47632987.1494 132.416789036512
79768 11 47637864.5415 132.036776580047
79769 11 47642741.9336 131.651703565028
79770 11 47647619.3257 131.261715233073
79771 11 47652496.7178 130.866956825798
79772 11 47657374.1099 130.467573584821
79773 11 47662251.502 130.063710751757
79774 11 47667128.894 129.655513568224
79775 11 47672006.2861 129.243127275839
79776 11 47676883.6782 128.826697116218
79777 11 47681761.0703 128.406368330979
79778 11 47686638.4624 127.982286161737
79779 11 47691515.8545 127.554595850111
79780 11 47696393.2466 127.123442637716
79781 11 47701270.6387 126.68897176617
79782 11 47706148.0308 126.251328477089
79783 11 47711025.4229 125.81065801209
79784 11 47715902.8149 125.36710561279
79785 11 47720780.207 124.920816520806
79786 11 47725657.5991 124.471935977754
79787 11 47730534.9912 124.020609225252
79788 11 47735412.3833 123.566981504916
79789 11 47740289.7754 123.111198058363
79790 11 47745167.1675 122.65340412721
79791 11 47750044.5596 122.193744953074
79792 11 47754921.9517 121.732365777571
79793 11 47759799.3438 121.269411842318
79794 11 47764676.7358 120.805028388933
79795 11 47769554.1279 120.339360659031
79796 11 47774431.52 119.872553894231
79797 11 47779308.9121 119.404753336147
79798 11 47784186.3042 118.936104226398
79799 11 47789063.6963 118.466751806601
79800 11 47793941.0884 117.996841318371
79801 11 47798818.4805 117.526518003326
79802 11 47803695.8726 117.055927103083
79803 11 47808573.2646 116.585213859258
79804 11 47813450.6567 116.114523513469
79805 11 47818328.0488 115.644001307331
79806 11 47823205.4409 115.173792482463
79807 11 47828082.833 114.70404228048
79808 11 47832960.2251 114.234895942999
79809 11 47837837.6172 113.766498711638
79810 11 47842715.0093 113.298995828014
79811 11 47847592.4014 112.832532533742
79812 11 47852469.7935 112.36725407044
79813 11 47857347.1855 111.903305679724
79814 11 47862224.5776 111.440832603212
79815 11 47867101.9697 110.97998008252
79816 11 47871979.3618 110.520893359265
79817 11 47876856.7539 110.063717675064
79818 11 47881734.146 109.608598271534
