chr mid sweep_loess
93160 2 13786444.6953 2013.41133398813
93161 2 13790808.3125 2015.4479241166
93162 2 13795171.9297 2017.40671833745
93163 2 13799535.5469 2019.28639443445
93164 2 13803899.1641 2021.08563019137
93165 2 13808262.7812 2022.803103392
93166 2 13812626.3984 2024.4374918201
93167 2 13816990.0156 2025.98747325944
93168 2 13821353.6328 2027.4517254938
93169 2 13825717.25 2028.82892630695
93170 2 13830080.8672 2030.11775348267
93171 2 13834444.4844 2031.31688480473
93172 2 13838808.1016 2032.4249980569
93173 2 13843171.7188 2033.44077102295
93174 2 13847535.3359 2034.36288148666
93175 2 13851898.9531 2035.1900072318
93176 2 13856262.5703 2035.92082604215
93177 2 13860626.1875 2036.55401570148
93178 2 13864989.8047 2037.08825399355
93179 2 13869353.4219 2037.52221870215
93180 2 13873717.0391 2037.85458761104
93181 2 13878080.6562 2038.08403850401
93182 2 13882444.2734 2038.20924916482
93183 2 13886807.8906 2038.22889737724
93184 2 13891171.5078 2038.14166092506
93185 2 13895535.125 2037.94621759204
93186 2 13899898.7422 2037.64167798002
93187 2 13904262.3594 2037.22893663329
93188 2 13908625.9766 2036.70934724933
93189 2 13912989.5938 2036.08426352558
93190 2 13917353.2109 2035.35503915953
93191 2 13921716.8281 2034.52302784862
93192 2 13926080.4453 2033.58958329032
93193 2 13930444.0625 2032.5560591821
93194 2 13934807.6797 2031.42380922141
93195 2 13939171.2969 2030.19418710573
93196 2 13943534.9141 2028.86854653251
93197 2 13947898.5312 2027.44824119922
93198 2 13952262.1484 2025.93462480331
93199 2 13956625.7656 2024.32905104226
93200 2 13960989.3828 2022.63287361353
93201 2 13965353 2020.84744621458
93202 2 13969716.6172 2018.97412254287
93203 2 13974080.2344 2017.01425629586
93204 2 13978443.8516 2014.96920117102
93205 2 13982807.4688 2012.84031086581
104930 3 21188819.7163 2012.96024237318
104931 3 21193118.4639 2017.14671275013
104932 3 21197417.2114 2021.29988693827
104933 3 21201715.959 2025.41843365898
104934 3 21206014.7065 2029.50102163364
104935 3 21210313.4541 2033.54631958362
104936 3 21214612.2017 2037.55299623031
104937 3 21218910.9492 2041.51972029508
104938 3 21223209.6968 2045.44516049931
104939 3 21227508.4443 2049.32798556438
104940 3 21231807.1919 2053.16686421167
104941 3 21236105.9395 2056.96046516256
104942 3 21240404.687 2060.70745713843
104943 3 21244703.4346 2064.40650886066
104944 3 21249002.1821 2068.05628905062
104945 3 21253300.9297 2071.6554664297
104946 3 21257599.6772 2075.20270971927
104947 3 21261898.4248 2078.69668764072
104948 3 21266197.1724 2082.13606891541
104949 3 21270495.9199 2085.51952226474
104950 3 21274794.6675 2088.84571641008
104951 3 21279093.415 2092.1133200728
104952 3 21283392.1626 2095.3210019743
104953 3 21287690.9102 2098.46743083594
104954 3 21291989.6577 2101.55127537911
104955 3 21296288.4053 2104.57120432518
104956 3 21300587.1528 2107.52588639554
104957 3 21304885.9004 2110.41399031155
104958 3 21309184.6479 2113.23418479461
104959 3 21313483.3955 2115.9851385661
104960 3 21317782.1431 2118.66552034738
104961 3 21322080.8906 2121.27399885984
104962 3 21326379.6382 2123.80924282485
104963 3 21330678.3857 2126.26992096381
104964 3 21334977.1333 2128.65470199808
104965 3 21339275.8809 2130.96225464904
104966 3 21343574.6284 2133.19124763808
104967 3 21347873.376 2135.34034968657
104968 3 21352172.1235 2137.4082295159
104969 3 21356470.8711 2139.39355584743
104970 3 21360769.6187 2141.29499740255
104971 3 21365068.3662 2143.11122290264
104972 3 21369367.1138 2144.84090106908
104973 3 21373665.8613 2146.48270062325
104974 3 21377964.6089 2148.03529028652
104975 3 21382263.3564 2149.49733878028
104976 3 21386562.104 2150.86751482589
104977 3 21390860.8516 2152.14448714476
104978 3 21395159.5991 2153.32692445824
104979 3 21399458.3467 2154.41349548772
104980 3 21403757.0942 2155.40286895459
104981 3 21408055.8418 2156.29371358021
104982 3 21412354.5894 2157.08469808597
104983 3 21416653.3369 2157.77449119324
104984 3 21420952.0845 2158.36176162341
104985 3 21425250.832 2158.84517809786
104986 3 21429549.5796 2159.22340933796
104987 3 21433848.3271 2159.49512406509
104988 3 21438147.0747 2159.65899100063
104989 3 21442445.8223 2159.71367886596
104990 3 21446744.5698 2159.65785638246
104991 3 21451043.3174 2159.49019227151
104992 3 21455342.0649 2159.19763216626
104993 3 21459640.8125 2158.76915635021
104994 3 21463939.5601 2158.20648552031
104995 3 21468238.3076 2157.51134037348
104996 3 21472537.0552 2156.68544160667
104997 3 21476835.8027 2155.7305099168
104998 3 21481134.5503 2154.64826600081
104999 3 21485433.2979 2153.44043055564
105000 3 21489732.0454 2152.10872427823
105001 3 21494030.793 2150.65486786549
105002 3 21498329.5405 2149.08058201438
105003 3 21502628.2881 2147.38758742182
105004 3 21506927.0356 2145.57760478475
105005 3 21511225.7832 2143.65235480011
105006 3 21515524.5308 2141.61355816482
105007 3 21519823.2783 2139.46293557582
105008 3 21524122.0259 2137.20220773006
105009 3 21528420.7734 2134.83309532445
105010 3 21532719.521 2132.35731905594
105011 3 21537018.2686 2129.77659962147
105012 3 21541317.0161 2127.09265771795
105013 3 21545615.7637 2124.30721404234
105014 3 21549914.5112 2121.42198929156
105015 3 21554213.2588 2118.43870416256
105016 3 21558512.0063 2115.35907935225
105017 3 21562810.7539 2112.18483555759
105018 3 21567109.5015 2108.91769347549
105019 3 21571408.249 2105.55937380291
105020 3 21575706.9966 2102.11159723676
105021 3 21580005.7441 2098.576084474
105022 3 21584304.4917 2094.95455621154
105023 3 21588603.2393 2091.24873314633
105024 3 21592901.9868 2087.4603359753
105025 3 21597200.7344 2083.59108539539
105026 3 21601499.4819 2079.64270210353
105027 3 21605798.2295 2075.61690679665
105028 3 21610096.9771 2071.51542017169
105029 3 21614395.7246 2067.33996292558
105030 3 21618694.4722 2063.09225575526
105031 3 21622993.2197 2058.77401935766
105032 3 21627291.9673 2054.38697442972
105033 3 21631590.7148 2049.93284166837
105034 3 21635889.4624 2045.41334177054
105035 3 21640188.21 2040.83019543318
105036 3 21644486.9575 2036.18512335321
105037 3 21648785.7051 2031.47984622758
105038 3 21653084.4526 2026.7160847532
105039 3 21657383.2002 2021.89555962703
105040 3 21661681.9478 2017.01999154599
110406 4 1836487.0176 2014.48599721708
110407 4 1841020.8398 2020.41376041567
110408 4 1845554.6621 2026.32902799556
110409 4 1850088.4844 2032.23057789084
110410 4 1854622.3066 2038.11718803562
110411 4 1859156.1289 2043.98763636398
110412 4 1863689.9512 2049.84070081003
110413 4 1868223.7734 2055.67515930787
110414 4 1872757.5957 2061.48978979158
110415 4 1877291.418 2067.28337019527
110416 4 1881825.2402 2073.05467845304
110417 4 1886359.0625 2078.80249249898
110418 4 1890892.8848 2084.52559026718
110419 4 1895426.707 2090.22274969176
110420 4 1899960.5293 2095.89274870679
110421 4 1904494.3516 2101.53436524639
110422 4 1909028.1738 2107.14637724464
110423 4 1913561.9961 2112.72756263564
110424 4 1918095.8184 2118.2766993535
110425 4 1922629.6406 2123.79256533231
110426 4 1927163.4629 2129.27393850616
110427 4 1931697.2852 2134.71959680915
110428 4 1936231.1074 2140.12831817538
110429 4 1940764.9297 2145.49888053895
110430 4 1945298.752 2150.83006183395
110431 4 1949832.5742 2156.12063999448
110432 4 1954366.3965 2161.36939295464
110433 4 1958900.2188 2166.57509864852
110434 4 1963434.041 2171.73653501023
110435 4 1967967.8633 2176.85247997386
110436 4 1972501.6855 2181.9217114735
110437 4 1977035.5078 2186.94300744325
110438 4 1981569.3301 2191.91514581721
110439 4 1986103.1523 2196.83690452948
110440 4 1990636.9746 2201.70706151416
110441 4 1995170.7969 2206.52439470534
110442 4 1999704.6191 2211.28768203711
110443 4 2004238.4414 2215.99570144358
110444 4 2008772.2637 2220.64723085884
110445 4 2013306.0859 2225.24104821699
110446 4 2017839.9082 2229.77593145213
110447 4 2022373.7305 2234.25065849836
110448 4 2026907.5527 2238.66400728976
110449 4 2031441.375 2243.01475576044
110450 4 2035975.1973 2247.30168184449
110451 4 2040509.0195 2251.62526138088
110452 4 2045042.8418 2256.08530150379
110453 4 2049576.6641 2260.67957709017
110454 4 2054110.4863 2265.40586301695
110455 4 2058644.3086 2270.26193416109
110456 4 2063178.1309 2275.24556539951
110457 4 2067711.9531 2280.35453160918
110458 4 2072245.7754 2285.58660766702
110459 4 2076779.5977 2290.93956844998
110460 4 2081313.4199 2296.41118883501
110461 4 2085847.2422 2301.99924369905
110462 4 2090381.0645 2307.70150791903
110463 4 2094914.8867 2313.51575637191
110464 4 2099448.709 2319.43976393463
110465 4 2103982.5312 2325.47130548412
110466 4 2108516.3535 2331.60815589734
110467 4 2113050.1758 2337.84809005122
110468 4 2117583.998 2344.18888282271
110469 4 2122117.8203 2350.62830908875
110470 4 2126651.6426 2357.16414372628
110471 4 2131185.4648 2363.79416161225
110472 4 2135719.2871 2370.51613762359
110473 4 2140253.1094 2377.32784663726
110474 4 2144786.9316 2384.2270635302
110475 4 2149320.7539 2391.21156317933
110476 4 2153854.5762 2398.27912046163
110477 4 2158388.3984 2405.42751025401
110478 4 2162922.2207 2412.65450743343
110479 4 2167456.043 2419.95788687682
110480 4 2171989.8652 2427.33542346114
110481 4 2176523.6875 2434.78489206333
110482 4 2181057.5098 2442.30406756032
110483 4 2185591.332 2449.89072482906
110484 4 2190125.1543 2457.54263874649
110485 4 2194658.9766 2465.25758418956
110486 4 2199192.7988 2473.03333603521
110487 4 2203726.6211 2480.86766916038
110488 4 2208260.4434 2488.75835844201
110489 4 2212794.2656 2496.70317875705
110490 4 2217328.0879 2504.69990498244
110491 4 2221861.9102 2512.74631199513
110492 4 2226395.7324 2520.84017467204
110493 4 2230929.5547 2528.97926789014
110494 4 2235463.377 2537.16136652636
110495 4 2239997.1992 2545.38424545764
110496 4 2244531.0215 2553.64567956093
110497 4 2249064.8438 2561.94344371317
110498 4 2253598.666 2570.2753127913
110499 4 2258132.4883 2578.63906167227
110500 4 2262666.3105 2587.03246523302
110501 4 2267200.1328 2595.45329835049
110502 4 2271733.9551 2603.89933590162
110503 4 2276267.7773 2612.36835276335
110504 4 2280801.5996 2620.85812381264
110505 4 2285335.4219 2629.36642392642
110506 4 2289869.2441 2637.89102798164
110507 4 2294403.0664 2646.42971085523
110508 4 2298936.8887 2654.98024742415
110509 4 2303470.7109 2663.54041256533
110510 4 2308004.5332 2672.10798115571
110511 4 2312538.3555 2680.68072807225
110512 4 2317072.1777 2689.25642819188
110513 4 2321606 2697.83285639154
110514 4 2326139.8223 2706.40778754818
110515 4 2330673.6445 2714.97899653874
110516 4 2335207.4668 2723.54425824017
110517 4 2339741.2891 2732.1013475294
110518 4 2344275.1113 2740.64803928338
110519 4 2348808.9336 2749.18210837906
110520 4 2353342.7559 2757.70132969337
110521 4 2357876.5781 2766.20347810325
110522 4 2362410.4004 2774.68632848566
110523 4 2366944.2227 2783.14765571753
110524 4 2371478.0449 2791.58523467581
110525 4 2376011.8672 2799.99684023744
110526 4 2380545.6895 2808.38024727936
110527 4 2385079.5117 2816.73323067852
110528 4 2389613.334 2825.05356531185
110529 4 2394147.1562 2833.3390260563
110530 4 2398680.9785 2841.58738778882
110531 4 2403214.8008 2849.79642538634
110532 4 2407748.623 2857.96391372582
110533 4 2412282.4453 2866.08762768418
110534 4 2416816.2676 2874.16534213838
110535 4 2421350.0898 2882.19483196536
110536 4 2425883.9121 2890.17387204206
110537 4 2430417.7344 2898.10023724542
110538 4 2434951.5566 2905.97170245239
110539 4 2439485.3789 2913.78604253991
110540 4 2444019.2012 2921.54103238492
110541 4 2448553.0234 2929.23444686436
110542 4 2453086.8457 2936.86406085518
110543 4 2457620.668 2944.42764923432
110544 4 2462154.4902 2951.92298687873
110545 4 2466688.3125 2959.34784866534
110546 4 2471222.1348 2966.7000094711
110547 4 2475755.957 2973.97724417296
110548 4 2480289.7793 2981.17732764784
110549 4 2484823.6016 2988.29803477271
110550 4 2489357.4238 2995.33714042449
110551 4 2493891.2461 3002.29241948014
110552 4 2498425.0684 3009.1616468166
110553 4 2502958.8906 3015.9425973108
110554 4 2507492.7129 3022.6330458397
110555 4 2512026.5352 3029.23076728023
110556 4 2516560.3574 3035.73353650934
110557 4 2521094.1797 3042.13912840396
110558 4 2525628.002 3048.44531784106
110559 4 2530161.8242 3054.64987969755
110560 4 2534695.6465 3060.7505888504
110561 4 2539229.4688 3066.74522017654
110562 4 2543763.291 3072.63154855291
110563 4 2548297.1133 3078.40734885646
110564 4 2552830.9355 3084.07039596413
110565 4 2557364.7578 3089.61846475286
110566 4 2561898.5801 3095.0493300996
110567 4 2566432.4023 3100.36076688129
110568 4 2570966.2246 3105.55054997487
110569 4 2575500.0469 3110.61645425728
110570 4 2580033.8691 3115.55625460547
110571 4 2584567.6914 3120.36772589638
110572 4 2589101.5137 3125.04864300695
110573 4 2593635.3359 3129.59678081413
110574 4 2598169.1582 3134.00991419486
110575 4 2602702.9805 3138.28581802608
110576 4 2607236.8027 3142.42226718473
110577 4 2611770.625 3146.41703654776
110578 4 2616304.4473 3150.31437547917
110579 4 2620838.2695 3154.16039363005
110580 4 2625372.0918 3157.95565630802
110581 4 2629905.9141 3161.70072882069
110582 4 2634439.7363 3165.39617647567
110583 4 2638973.5586 3169.04256458058
110584 4 2643507.3809 3172.64045844302
110585 4 2648041.2031 3176.1904233706
110586 4 2652575.0254 3179.69302467094
110587 4 2657108.8477 3183.14882765165
110588 4 2661642.6699 3186.55839762034
110589 4 2666176.4922 3189.92229988461
110590 4 2670710.3145 3193.24109975209
110591 4 2675244.1367 3196.51536253038
110592 4 2679777.959 3199.74565352709
110593 4 2684311.7812 3202.93253804984
110594 4 2688845.6035 3206.07658140623
110595 4 2693379.4258 3209.17834890388
110596 4 2697913.248 3212.23840585039
110597 4 2702447.0703 3215.25731755338
110598 4 2706980.8926 3218.23564932047
110599 4 2711514.7148 3221.17396645925
110600 4 2716048.5371 3224.07283427734
110601 4 2720582.3594 3226.93281808236
110602 4 2725116.1816 3229.75448318191
110603 4 2729650.0039 3232.53839488361
110604 4 2734183.8262 3235.28511849506
110605 4 2738717.6484 3237.99521932388
110606 4 2743251.4707 3240.66926267768
110607 4 2747785.293 3243.30781386407
110608 4 2752319.1152 3245.91143819065
110609 4 2756852.9375 3248.48070096505
110610 4 2761386.7598 3251.01616749488
110611 4 2765920.582 3253.51840308773
110612 4 2770454.4043 3255.98797305124
110613 4 2774988.2266 3258.42544269299
110614 4 2779522.0488 3260.83137732062
110615 4 2784055.8711 3263.20634224172
110616 4 2788589.6934 3265.55090276391
110617 4 2793123.5156 3267.86562419481
110618 4 2797657.3379 3270.15107184201
110619 4 2802191.1602 3272.40781101314
110620 4 2806724.9824 3274.6364070158
110621 4 2811258.8047 3276.8374251576
110622 4 2815792.627 3279.01143074617
110623 4 2820326.4492 3281.1589890891
110624 4 2824860.2715 3283.280665494
110625 4 2829394.0938 3285.3770252685
110626 4 2833927.916 3287.4486337202
110627 4 2838461.7383 3289.49605615671
110628 4 2842995.5605 3291.51985788564
110629 4 2847529.3828 3293.5206042146
110630 4 2852063.2051 3295.49886045121
110631 4 2856597.0273 3297.45519190308
110632 4 2861130.8496 3299.39016387781
110633 4 2865664.6719 3301.30434168302
110634 4 2870198.4941 3303.19829062632
110635 4 2874732.3164 3305.07257601532
110636 4 2879266.1387 3306.92776315764
110637 4 2883799.9609 3308.76441736087
110638 4 2888333.7832 3310.58310393264
110639 4 2892867.6055 3312.38438818055
110640 4 2897401.4277 3314.16883541222
110641 4 2901935.25 3315.93701093526
110642 4 2906469.0723 3317.68948005727
110643 4 2911002.8945 3319.42680808588
110644 4 2915536.7168 3321.14956032868
110645 4 2920070.5391 3322.8583020933
110646 4 2924604.3613 3324.55359868734
110647 4 2929138.1836 3326.23601541841
110648 4 2933672.0059 3327.90611759413
110649 4 2938205.8281 3329.5644705221
110650 4 2942739.6504 3331.21163950994
110651 4 2947273.4727 3332.84818986526
110652 4 2951807.2949 3334.47468689566
110653 4 2956341.1172 3336.09169590877
110654 4 2960874.9395 3337.69978221219
110655 4 2965408.7617 3339.29951111353
110656 4 2969942.584 3340.89144792041
110657 4 2974476.4062 3342.47615794043
110658 4 2979010.2285 3344.0542064812
110659 4 2983544.0508 3345.62615885034
110660 4 2988077.873 3347.19258035546
110661 4 2992611.6953 3348.75403630417
110662 4 2997145.5176 3350.31109200408
110663 4 3001679.3398 3351.8643127628
110664 4 3006213.1621 3353.41426388795
110665 4 3010746.9844 3354.96151068712
110666 4 3015280.8066 3356.50661846795
110667 4 3019814.6289 3358.05015253802
110668 4 3024348.4512 3359.59267820497
110669 4 3028882.2734 3361.13476077639
110670 4 3033416.0957 3362.6769655599
110671 4 3037949.918 3364.21985786311
110672 4 3042483.7402 3365.76400299364
110673 4 3047017.5625 3367.30996625908
110674 4 3051551.3848 3368.85831296706
110675 4 3056085.207 3370.40960842519
110676 4 3060619.0293 3371.96441794107
110677 4 3065152.8516 3373.52330682231
110678 4 3069686.6738 3375.08684037654
110679 4 3074220.4961 3376.65558391135
110680 4 3078754.3184 3378.23010273436
110681 4 3083288.1406 3379.81096215319
110682 4 3087821.9629 3381.39872747543
110683 4 3092355.7852 3382.99396400871
110684 4 3096889.6074 3384.59723706064
110685 4 3101423.4297 3386.20911193882
110686 4 3105957.252 3387.83015395087
110687 4 3110491.0742 3389.46092840439
110688 4 3115024.8965 3391.10200060701
110689 4 3119558.7188 3392.75393586632
110690 4 3124092.541 3394.41729948995
110691 4 3128626.3633 3396.0926567855
110692 4 3133160.1855 3397.78057306058
110693 4 3137694.0078 3399.4816136228
110694 4 3142227.8301 3401.19634377978
110695 4 3146761.6523 3402.92532883913
110696 4 3151295.4746 3404.66913410846
110697 4 3155829.2969 3406.42832489537
110698 4 3160363.1191 3408.20346650749
110699 4 3164896.9414 3409.99512425242
110700 4 3169430.7637 3411.80386343776
110701 4 3173964.5859 3413.63024937115
110702 4 3178498.4082 3415.47484736017
110703 4 3183032.2305 3417.33822271245
110704 4 3187566.0527 3419.2209407356
110705 4 3192099.875 3421.09621639236
110706 4 3196633.6973 3422.9371430725
110707 4 3201167.5195 3424.7441037242
110708 4 3205701.3418 3426.5174812956
110709 4 3210235.1641 3428.25765873489
110710 4 3214768.9863 3429.96501899021
110711 4 3219302.8086 3431.63994500974
110712 4 3223836.6309 3433.28281974165
110713 4 3228370.4531 3434.89402613408
110714 4 3232904.2754 3436.47394713522
110715 4 3237438.0977 3438.02296569321
110716 4 3241971.9199 3439.54146475624
110717 4 3246505.7422 3441.02982727245
110718 4 3251039.5645 3442.48843619002
110719 4 3255573.3867 3443.91767445711
110720 4 3260107.209 3445.31792502188
110721 4 3264641.0312 3446.68957083249
110722 4 3269174.8535 3448.03299483712
110723 4 3273708.6758 3449.34857998392
110724 4 3278242.498 3450.63670922107
110725 4 3282776.3203 3451.89776549671
110726 4 3287310.1426 3453.13213175903
110727 4 3291843.9648 3454.34019095617
110728 4 3296377.7871 3455.52232603631
110729 4 3300911.6094 3456.67891994761
110730 4 3305445.4316 3457.81035563823
110731 4 3309979.2539 3458.91701605634
110732 4 3314513.0762 3459.99928415011
110733 4 3319046.8984 3461.05754286769
110734 4 3323580.7207 3462.09217515725
110735 4 3328114.543 3463.10356396695
110736 4 3332648.3652 3464.09209224496
110737 4 3337182.1875 3465.05814293944
110738 4 3341716.0098 3466.00209899856
110739 4 3346249.832 3466.92434337049
110740 4 3350783.6543 3467.82525900337
110741 4 3355317.4766 3468.70522884538
110742 4 3359851.2988 3469.56463584469
110743 4 3364385.1211 3470.40386294946
110744 4 3368918.9434 3471.22329310784
110745 4 3373452.7656 3472.02330926801
110746 4 3377986.5879 3472.80429437813
110747 4 3382520.4102 3473.56663138636
110748 4 3387054.2324 3474.31070324087
110749 4 3391588.0547 3475.03689288982
110750 4 3396121.877 3475.74558328138
110751 4 3400655.6992 3476.43715736371
110752 4 3405189.5215 3477.11199808497
110753 4 3409723.3438 3477.77048839332
110754 4 3414257.166 3478.41301123694
110755 4 3418790.9883 3479.03994956399
110756 4 3423324.8105 3479.65168632263
110757 4 3427858.6328 3480.24860446102
110758 4 3432392.4551 3480.83108692732
110759 4 3436926.2773 3481.39951666971
110760 4 3441460.0996 3481.95427663635
110761 4 3445993.9219 3482.4957497754
110762 4 3450527.7441 3483.02431903502
110763 4 3455061.5664 3483.54036736338
110764 4 3459595.3887 3484.04427770864
110765 4 3464129.2109 3484.53643301897
110766 4 3468663.0332 3485.01721624254
110767 4 3473196.8555 3485.48701032749
110768 4 3477730.6777 3485.94619822201
110769 4 3482264.5 3486.39516287425
110770 4 3486798.3223 3486.83428723237
110771 4 3491332.1445 3487.26395424455
110772 4 3495865.9668 3487.68454685894
110773 4 3500399.7891 3488.09644802371
110774 4 3504933.6113 3488.50004068703
110775 4 3509467.4336 3488.89570779706
110776 4 3514001.2559 3489.28383230195
110777 4 3518535.0781 3489.66479714988
110778 4 3523068.9004 3490.03898528902
110779 4 3527602.7227 3490.40677966751
110780 4 3532136.5449 3490.76856323354
110781 4 3536670.3672 3491.12471893525
110782 4 3541204.1895 3491.47562972082
110783 4 3545738.0117 3491.82167853842
110784 4 3550271.834 3492.1632483362
110785 4 3554805.6562 3492.50072206232
110786 4 3559339.4785 3492.83448266496
110787 4 3563873.3008 3493.16491309228
110788 4 3568407.123 3493.49239629244
110789 4 3572940.9453 3493.8173152136
110790 4 3577474.7676 3494.14005280393
110791 4 3582008.5898 3494.46099201159
110792 4 3586542.4121 3494.78051578476
110793 4 3591076.2344 3495.09900707158
110794 4 3595610.0566 3495.41684882023
110795 4 3600143.8789 3495.73442397887
110796 4 3604677.7012 3496.05211549566
110797 4 3609211.5234 3496.37030631877
110798 4 3613745.3457 3496.68937939636
110799 4 3618279.168 3497.0097176766
110800 4 3622812.9902 3497.33170410764
110801 4 3627346.8125 3497.65572163767
110802 4 3631880.6348 3497.98215321483
110803 4 3636414.457 3498.31138178729
110804 4 3640948.2793 3498.64379030322
110805 4 3645482.1016 3498.97976171077
110806 4 3650015.9238 3499.31967895813
110807 4 3654549.7461 3499.66392499344
110808 4 3659083.5684 3500.01288276488
110809 4 3663617.3906 3500.3669352206
110810 4 3668151.2129 3500.72646530877
110811 4 3672685.0352 3501.09185597756
110812 4 3677218.8574 3501.46349017512
110813 4 3681752.6797 3501.84175084963
110814 4 3686286.502 3502.22702094925
110815 4 3690820.3242 3502.61968342214
110816 4 3695354.1465 3503.02012121646
110817 4 3699887.9688 3503.42871728039
110818 4 3704421.791 3503.84585456207
110819 4 3708955.6133 3504.27191600969
110820 4 3713489.4355 3504.7072845714
110821 4 3718023.2578 3505.15234319536
110822 4 3722557.0801 3505.60747482974
110823 4 3727090.9023 3506.07306242271
110824 4 3731624.7246 3506.54948892242
110825 4 3736158.5469 3507.03713727705
110826 4 3740692.3691 3507.53639043475
110827 4 3745226.1914 3508.0476313437
110828 4 3749760.0137 3508.57124295205
110829 4 3754293.8359 3509.10760820796
110830 4 3758827.6582 3509.65711005961
110831 4 3763361.4805 3510.22013145516
110832 4 3767895.3027 3510.78518169525
110833 4 3772429.125 3511.34053437517
110834 4 3776962.9473 3511.88621888508
110835 4 3781496.7695 3512.42226461511
110836 4 3786030.5918 3512.94870095541
110837 4 3790564.4141 3513.46555729613
110838 4 3795098.2363 3513.97286302742
110839 4 3799632.0586 3514.4706475394
110840 4 3804165.8809 3514.95894022224
110841 4 3808699.7031 3515.43777046608
110842 4 3813233.5254 3515.90716766105
110843 4 3817767.3477 3516.36716119731
110844 4 3822301.1699 3516.817780465
110845 4 3826834.9922 3517.25905485427
110846 4 3831368.8145 3517.69101375525
110847 4 3835902.6367 3518.1136865581
110848 4 3840436.459 3518.52710265296
110849 4 3844970.2812 3518.93129142997
110850 4 3849504.1035 3519.32628227928
110851 4 3854037.9258 3519.71210459104
110852 4 3858571.748 3520.08878775538
110853 4 3863105.5703 3520.45636116246
110854 4 3867639.3926 3520.81485420241
110855 4 3872173.2148 3521.16429626539
110856 4 3876707.0371 3521.50471674154
110857 4 3881240.8594 3521.836145021
110858 4 3885774.6816 3522.15861049392
110859 4 3890308.5039 3522.47214255043
110860 4 3894842.3262 3522.7767705807
110861 4 3899376.1484 3523.07252397486
110862 4 3903909.9707 3523.35943212305
110863 4 3908443.793 3523.63752441543
110864 4 3912977.6152 3523.90683024213
110865 4 3917511.4375 3524.16737899331
110866 4 3922045.2598 3524.4192000591
110867 4 3926579.082 3524.66232282965
110868 4 3931112.9043 3524.89677669511
110869 4 3935646.7266 3525.12259104561
110870 4 3940180.5488 3525.33979527131
110871 4 3944714.3711 3525.54841876236
110872 4 3949248.1934 3525.74849090888
110873 4 3953782.0156 3525.94004110104
110874 4 3958315.8379 3526.12309872897
110875 4 3962849.6602 3526.29769318282
110876 4 3967383.4824 3526.46385385274
110877 4 3971917.3047 3526.62161012886
110878 4 3976451.127 3526.77099140134
110879 4 3980984.9492 3526.91202706031
110880 4 3985518.7715 3527.04474649593
110881 4 3990052.5938 3527.16917909834
110882 4 3994586.416 3527.28535425768
110883 4 3999120.2383 3527.3933013641
110884 4 4003654.0605 3527.49304980774
110885 4 4008187.8828 3527.58462897875
110886 4 4012721.7051 3527.66806826727
110887 4 4017255.5273 3527.74339706345
110888 4 4021789.3496 3527.81064475743
110889 4 4026323.1719 3527.86984073936
110890 4 4030856.9941 3527.92101439938
110891 4 4035390.8164 3527.96419512763
110892 4 4039924.6387 3527.99941231427
110893 4 4044458.4609 3528.02669534943
110894 4 4048992.2832 3528.04607362327
110895 4 4053526.1055 3528.05757652592
110896 4 4058059.9277 3528.06123344752
110897 4 4062593.75 3528.05707377824
110898 4 4067127.5723 3528.0451269082
110899 4 4071661.3945 3528.02542222756
110900 4 4076195.2168 3527.99798912646
110901 4 4080729.0391 3527.96285699505
110902 4 4085262.8613 3527.92005522346
110903 4 4089796.6836 3527.86961320185
110904 4 4094330.5059 3527.81156032035
110905 4 4098864.3281 3527.74592596912
110906 4 4103398.1504 3527.6727395383
110907 4 4107931.9727 3527.59203041803
110908 4 4112465.7949 3527.50382799846
110909 4 4116999.6172 3527.40816166974
110910 4 4121533.4395 3527.305060822
110911 4 4126067.2617 3527.19455484539
110912 4 4130601.084 3527.07667313006
110913 4 4135134.9062 3526.95144506616
110914 4 4139668.7285 3526.81890004382
110915 4 4144202.5508 3526.67906745319
110916 4 4148736.373 3526.53197668442
110917 4 4153270.1953 3526.37765712765
110918 4 4157804.0176 3526.21613817303
110919 4 4162337.8398 3526.0474492107
110920 4 4166871.6621 3525.8716196308
110921 4 4171405.4844 3525.68867882349
110922 4 4175939.3066 3525.4986561789
110923 4 4180473.1289 3525.30158108718
110924 4 4185006.9512 3525.09748293848
110925 4 4189540.7734 3524.88639112293
110926 4 4194074.5957 3524.66833503069
110927 4 4198608.418 3524.44334405191
110928 4 4203142.2402 3524.21144757671
110929 4 4207676.0625 3523.97267499526
110930 4 4212209.8848 3523.72705569769
110931 4 4216743.707 3523.47461907414
110932 4 4221277.5293 3523.21539451478
110933 4 4225811.3516 3522.94941140973
110934 4 4230345.1738 3522.67669914914
110935 4 4234878.9961 3522.39728712316
110936 4 4239412.8184 3522.11120472194
110937 4 4243946.6406 3521.81848133561
110938 4 4248480.4629 3521.51914635433
110939 4 4253014.2852 3521.21322916823
110940 4 4257548.1074 3520.90075916747
110941 4 4262081.9297 3520.58176574218
110942 4 4266615.752 3520.25627828252
110943 4 4271149.5742 3519.92432617862
110944 4 4275683.3965 3519.58593882063
110945 4 4280217.2188 3519.2411455987
110946 4 4284751.041 3518.88997590297
110947 4 4289284.8633 3518.53245912359
110948 4 4293818.6855 3518.1686246507
110949 4 4298352.5078 3517.79850187444
110950 4 4302886.3301 3517.42212018496
110951 4 4307420.1523 3517.03950897241
110952 4 4311953.9746 3516.65069762693
110953 4 4316487.7969 3516.25571553867
110954 4 4321021.6191 3515.85459209776
110955 4 4325555.4414 3515.44735669436
110956 4 4330089.2637 3515.03403871861
110957 4 4334623.0859 3514.61466756065
110958 4 4339156.9082 3514.18927261063
110959 4 4343690.7305 3513.75639381166
110960 4 4348224.5527 3513.31456711099
110961 4 4352758.375 3512.86381590495
110962 4 4357292.1973 3512.40416358988
110963 4 4361826.0195 3511.9356335621
110964 4 4366359.8418 3511.45824921797
110965 4 4370893.6641 3510.9720339538
110966 4 4375427.4863 3510.47701116594
110967 4 4379961.3086 3509.97320425072
110968 4 4384495.1309 3509.46063660448
110969 4 4389028.9531 3508.93933162356
110970 4 4393562.7754 3508.40931270428
110971 4 4398096.5977 3507.87060324298
110972 4 4402630.4199 3507.323226636
110973 4 4407164.2422 3506.76720627967
110974 4 4411698.0645 3506.20256557034
110975 4 4416231.8867 3505.62932790432
110976 4 4420765.709 3505.04751667797
110977 4 4425299.5312 3504.45715528761
110978 4 4429833.3535 3503.85826712958
110979 4 4434367.1758 3503.25087560021
110980 4 4438900.998 3502.63500409584
110981 4 4443434.8203 3502.01067601281
110982 4 4447968.6426 3501.37791474745
110983 4 4452502.4648 3500.73674369609
110984 4 4457036.2871 3500.08718625508
110985 4 4461570.1094 3499.42926582073
110986 4 4466103.9316 3498.76300578941
110987 4 4470637.7539 3498.08842955742
110988 4 4475171.5762 3497.40556052112
110989 4 4479705.3984 3496.71442207684
110990 4 4484239.2207 3496.01503762091
110991 4 4488773.043 3495.30743054966
110992 4 4493306.8652 3494.59162425944
110993 4 4497840.6875 3493.86764214658
110994 4 4502374.5098 3493.13550760741
110995 4 4506908.332 3492.39524403826
110996 4 4511442.1543 3491.64687483548
110997 4 4515975.9766 3490.8904233954
110998 4 4520509.7988 3490.12591311436
110999 4 4525043.6211 3489.35336738868
111000 4 4529577.4434 3488.5728096147
111001 4 4534111.2656 3487.78426318877
111002 4 4538645.0879 3486.98775150721
111003 4 4543178.9102 3486.18329796636
111004 4 4547712.7324 3485.37092596256
111005 4 4552246.5547 3484.55065889213
111006 4 4556780.377 3483.72252015143
111007 4 4561314.1992 3482.88653313677
111008 4 4565848.0215 3482.0427212445
111009 4 4570381.8438 3481.19110787095
111010 4 4574915.666 3480.33171641246
111011 4 4579449.4883 3479.46457026536
111012 4 4583983.3105 3478.58969282598
111013 4 4588517.1328 3477.70710749067
111014 4 4593050.9551 3476.81683765576
111015 4 4597584.7773 3475.91890671757
111016 4 4602118.5996 3475.01333807246
111017 4 4606652.4219 3474.10015511675
111018 4 4611186.2441 3473.17938124678
111019 4 4615720.0664 3472.25103985888
111020 4 4620253.8887 3471.31515434939
111021 4 4624787.7109 3470.37174811465
111022 4 4629321.5332 3469.42084455098
111023 4 4633855.3555 3468.46246705473
111024 4 4638389.1777 3467.49663902223
111025 4 4642923 3466.52338384981
111026 4 4647456.8223 3465.54272493381
111027 4 4651990.6445 3464.55468567057
111028 4 4656524.4668 3463.55928945642
111029 4 4661058.2891 3462.55655968769
111030 4 4665592.1113 3461.54651976073
111031 4 4670125.9336 3460.52919307186
111032 4 4674659.7559 3459.50460301743
111033 4 4679193.5781 3458.47277299376
111034 4 4683727.4004 3457.43372639719
111035 4 4688261.2227 3456.38748662406
111036 4 4692795.0449 3455.33407707071
111037 4 4697328.8672 3454.27352113346
111038 4 4701862.6895 3453.20584220865
111039 4 4706396.5117 3452.13106369262
111040 4 4710930.334 3451.04920898171
111041 4 4715464.1562 3449.96030147224
111042 4 4719997.9785 3448.86436456056
111043 4 4724531.8008 3447.76142164299
111044 4 4729065.623 3446.65149611588
111045 4 4733599.4453 3445.53461137556
111046 4 4738133.2676 3444.41079081837
111047 4 4742667.0898 3443.28005784063
111048 4 4747200.9121 3442.14243583869
111049 4 4751734.7344 3440.99794820888
111050 4 4756268.5566 3439.84661834754
111051 4 4760802.3789 3438.688469651
111052 4 4765336.2012 3437.52352551559
111053 4 4769870.0234 3436.35180933765
111054 4 4774403.8457 3435.17334451352
111055 4 4778937.668 3433.98815443954
111056 4 4783471.4902 3432.79626251203
111057 4 4788005.3125 3431.59769212733
111058 4 4792539.1348 3430.39246668178
111059 4 4797072.957 3429.18060957171
111060 4 4801606.7793 3427.96214419346
111061 4 4806140.6016 3426.73709394336
111062 4 4810674.4238 3425.50548221775
111063 4 4815208.2461 3424.26733241297
111064 4 4819742.0684 3423.02266792534
111065 4 4824275.8906 3421.77151215121
111066 4 4828809.7129 3420.51388848691
111067 4 4833343.5352 3419.24982032877
111068 4 4837877.3574 3417.97933107313
111069 4 4842411.1797 3416.70244411632
111070 4 4846945.002 3415.41918285469
111071 4 4851478.8242 3414.12957068456
111072 4 4856012.6465 3412.83363100227
111073 4 4860546.4688 3411.53138720416
111074 4 4865080.291 3410.22286268656
111075 4 4869614.1133 3408.9080808458
111076 4 4874147.9355 3407.58706507823
111077 4 4878681.7578 3406.25983878018
111078 4 4883215.5801 3404.92642534797
111079 4 4887749.4023 3403.58684817795
111080 4 4892283.2246 3402.24113066646
111081 4 4896817.0469 3400.88929620982
111082 4 4901350.8691 3399.53136820438
111083 4 4905884.6914 3398.16737004646
111084 4 4910418.5137 3396.79732513241
111085 4 4914952.3359 3395.42125685855
111086 4 4919486.1582 3394.03607613984
111087 4 4924019.9805 3392.63873434126
111088 4 4928553.8027 3391.2293155342
111089 4 4933087.625 3389.80790379005
111090 4 4937621.4473 3388.37458318021
111091 4 4942155.2695 3386.92943777607
111092 4 4946689.0918 3385.47255164903
111093 4 4951222.9141 3384.00400887048
111094 4 4955756.7363 3382.5238935118
111095 4 4960290.5586 3381.03228964441
111096 4 4964824.3809 3379.52928133968
111097 4 4969358.2031 3378.01495266901
111098 4 4973892.0254 3376.48938770379
111099 4 4978425.8477 3374.95267051543
111100 4 4982959.6699 3373.40488517531
111101 4 4987493.4922 3371.84611575482
111102 4 4992027.3145 3370.27644632536
111103 4 4996561.1367 3368.69596095832
111104 4 5001094.959 3367.10474372509
111105 4 5005628.7812 3365.50287869708
111106 4 5010162.6035 3363.89044994567
111107 4 5014696.4258 3362.26754154225
111108 4 5019230.248 3360.63423755822
111109 4 5023764.0703 3358.99062206497
111110 4 5028297.8926 3357.3367791339
111111 4 5032831.7148 3355.67279283639
111112 4 5037365.5371 3353.99874724385
111113 4 5041899.3594 3352.31472642766
111114 4 5046433.1816 3350.62081445923
111115 4 5050967.0039 3348.91709540993
111116 4 5055500.8262 3347.20365335117
111117 4 5060034.6484 3345.48057235434
111118 4 5064568.4707 3343.74793649082
111119 4 5069102.293 3342.00582983203
111120 4 5073636.1152 3340.25433644934
111121 4 5078169.9375 3338.49354041416
111122 4 5082703.7598 3336.72352579787
111123 4 5087237.582 3334.94437667187
111124 4 5091771.4043 3333.15617710756
111125 4 5096305.2266 3331.35901117631
111126 4 5100839.0488 3329.55296294954
111127 4 5105372.8711 3327.73811649863
111128 4 5109906.6934 3325.91455589497
111129 4 5114440.5156 3324.08236520997
111130 4 5118974.3379 3322.24162851501
111131 4 5123508.1602 3320.39242988148
111132 4 5128041.9824 3318.53485338078
111133 4 5132575.8047 3316.6689830843
111134 4 5137109.627 3314.79490306344
111135 4 5141643.4492 3312.91269738959
111136 4 5146177.2715 3311.02245013414
111137 4 5150711.0938 3309.12424536849
111138 4 5155244.916 3307.21816716403
111139 4 5159778.7383 3305.30429959214
111140 4 5164312.5605 3303.38272672424
111141 4 5168846.3828 3301.4535326317
111142 4 5173380.2051 3299.51680138593
111143 4 5177914.0273 3297.57261705831
111144 4 5182447.8496 3295.62106372025
111145 4 5186981.6719 3293.66222544312
111146 4 5191515.4941 3291.69618629833
111147 4 5196049.3164 3289.72303035727
111148 4 5200583.1387 3287.74284169133
111149 4 5205116.9609 3285.75570437191
111150 4 5209650.7832 3283.7617024704
111151 4 5214184.6055 3281.7609200582
111152 4 5218718.4277 3279.75344120668
111153 4 5223252.25 3277.73934998726
111154 4 5227786.0723 3275.71873047132
111155 4 5232319.8945 3273.69166673026
111156 4 5236853.7168 3271.65824283546
111157 4 5241387.5391 3269.61854285833
111158 4 5245921.3613 3267.57265087026
111159 4 5250455.1836 3265.52065094264
111160 4 5254989.0059 3263.46262714686
111161 4 5259522.8281 3261.39866355431
111162 4 5264056.6504 3259.3288442364
111163 4 5268590.4727 3257.2532532645
111164 4 5273124.2949 3255.17197471003
111165 4 5277658.1172 3253.08509264436
111166 4 5282191.9395 3250.9926911389
111167 4 5286725.7617 3248.89485426504
111168 4 5291259.584 3246.79166609416
111169 4 5295793.4062 3244.68321069767
111170 4 5300327.2285 3242.56957214695
111171 4 5304861.0508 3240.45083451341
111172 4 5309394.873 3238.32708186843
111173 4 5313928.6953 3236.1983982834
111174 4 5318462.5176 3234.06486782973
111175 4 5322996.3398 3231.92657457879
111176 4 5327530.1621 3229.783602602
111177 4 5332063.9844 3227.63603597073
111178 4 5336597.8066 3225.48395875639
111179 4 5341131.6289 3223.32745503037
111180 4 5345665.4512 3221.16660886405
111181 4 5350199.2734 3219.00150432884
111182 4 5354733.0957 3216.83222549613
111183 4 5359266.918 3214.65885643731
111184 4 5363800.7402 3212.48148122377
111185 4 5368334.5625 3210.30018392691
111186 4 5372868.3848 3208.11504861812
111187 4 5377402.207 3205.92615936879
111188 4 5381936.0293 3203.73360025032
111189 4 5386469.8516 3201.5374553341
111190 4 5391003.6738 3199.33780869152
111191 4 5395537.4961 3197.13474439398
111192 4 5400071.3184 3194.92834651287
111193 4 5404605.1406 3192.71869911959
111194 4 5409138.9629 3190.50588628552
111195 4 5413672.7852 3188.28999208206
111196 4 5418206.6074 3186.07110058061
111197 4 5422740.4297 3183.84929585255
111198 4 5427274.252 3181.62466196929
111199 4 5431808.0742 3179.39728300221
111200 4 5436341.8965 3177.1672430227
111201 4 5440875.7188 3174.93462610217
111202 4 5445409.541 3172.699516312
111203 4 5449943.3633 3170.46199772359
111204 4 5454477.1855 3168.22215440833
111205 4 5459011.0078 3165.98007043762
111206 4 5463544.8301 3163.73582988284
111207 4 5468078.6523 3161.48951681539
111208 4 5472612.4746 3159.24121530667
111209 4 5477146.2969 3156.99100942806
111210 4 5481680.1191 3154.73898325097
111211 4 5486213.9414 3152.48522084678
111212 4 5490747.7637 3150.22980628688
111213 4 5495281.5859 3147.96713756714
111214 4 5499815.4082 3145.69162914909
111215 4 5504349.2305 3143.40338980268
111216 4 5508883.0527 3141.10252829783
111217 4 5513416.875 3138.78915340447
111218 4 5517950.6973 3136.46337389255
111219 4 5522484.5195 3134.125298532
111220 4 5527018.3418 3131.77503609275
111221 4 5531552.1641 3129.41269534473
111222 4 5536085.9863 3127.03838505789
111223 4 5540619.8086 3124.65221400215
111224 4 5545153.6309 3122.25429094744
111225 4 5549687.4531 3119.84472466371
111226 4 5554221.2754 3117.42362392089
111227 4 5558755.0977 3114.9910974889
111228 4 5563288.9199 3112.5472541377
111229 4 5567822.7422 3110.0922026372
111230 4 5572356.5645 3107.62605175734
111231 4 5576890.3867 3105.14891026807
111232 4 5581424.209 3102.6608869393
111233 4 5585958.0312 3100.16209054098
111234 4 5590491.8535 3097.65262984304
111235 4 5595025.6758 3095.13261361542
111236 4 5599559.498 3092.60215062805
111237 4 5604093.3203 3090.06134965086
111238 4 5608627.1426 3087.51031945379
111239 4 5613160.9648 3084.94916880676
111240 4 5617694.7871 3082.37800647973
111241 4 5622228.6094 3079.79694124261
111242 4 5626762.4316 3077.20608186535
111243 4 5631296.2539 3074.60553711788
111244 4 5635830.0762 3071.99541577013
111245 4 5640363.8984 3069.37582659204
111246 4 5644897.7207 3066.74687835354
111247 4 5649431.543 3064.10867982457
111248 4 5653965.3652 3061.46133977505
111249 4 5658499.1875 3058.80496697493
111250 4 5663033.0098 3056.13967019414
111251 4 5667566.832 3053.46555820261
111252 4 5672100.6543 3050.78273977027
111253 4 5676634.4766 3048.09132366707
111254 4 5681168.2988 3045.39141866293
111255 4 5685702.1211 3042.6831335278
111256 4 5690235.9434 3039.96657703159
111257 4 5694769.7656 3037.24185794426
111258 4 5699303.5879 3034.50908503572
111259 4 5703837.4102 3031.76836707593
111260 4 5708371.2324 3029.0198128348
111261 4 5712905.0547 3026.26353108228
111262 4 5717438.877 3023.49963058829
111263 4 5721972.6992 3020.72822012278
111264 4 5726506.5215 3017.94940845568
111265 4 5731040.3438 3015.16330435692
111266 4 5735574.166 3012.37001659644
111267 4 5740107.9883 3009.56965394416
111268 4 5744641.8105 3006.76232517003
111269 4 5749175.6328 3003.94813904398
111270 4 5753709.4551 3001.12720433594
111271 4 5758243.2773 2998.29962981585
111272 4 5762777.0996 2995.46552425364
111273 4 5767310.9219 2992.62499641925
111274 4 5771844.7441 2989.7781550826
111275 4 5776378.5664 2986.92510901364
111276 4 5780912.3887 2984.0659669823
111277 4 5785446.2109 2981.20083775851
111278 4 5789980.0332 2978.32983011221
111279 4 5794513.8555 2975.45305281333
111280 4 5799047.6777 2972.5706146318
111281 4 5803581.5 2969.68262433756
111282 4 5808115.3223 2966.78919070055
111283 4 5812649.1445 2963.89042249069
111284 4 5817182.9668 2960.98642847793
111285 4 5821716.7891 2958.07731743219
111286 4 5826250.6113 2955.16319812341
111287 4 5830784.4336 2952.24417932153
111288 4 5835318.2559 2949.32036979648
111289 4 5839852.0781 2946.39187831819
111290 4 5844385.9004 2943.4588136566
111291 4 5848919.7227 2940.52128458164
111292 4 5853453.5449 2937.57939986324
111293 4 5857987.3672 2934.63326827135
111294 4 5862521.1895 2931.68299857589
111295 4 5867055.0117 2928.72869954679
111296 4 5871588.834 2925.77047995401
111297 4 5876122.6562 2922.80844856745
111298 4 5880656.4785 2919.84271415708
111299 4 5885190.3008 2916.8733854928
111300 4 5889724.123 2913.90057134457
111301 4 5894257.9453 2910.9243804823
111302 4 5898791.7676 2907.94492167595
111303 4 5903325.5898 2904.96230369544
111304 4 5907859.4121 2901.97663531071
111305 4 5912393.2344 2898.98802529169
111306 4 5916927.0566 2895.99658240831
111307 4 5921460.8789 2893.00241543051
111308 4 5925994.7012 2890.00563312823
111309 4 5930528.5234 2887.00634427139
111310 4 5935062.3457 2884.00465762994
111311 4 5939596.168 2881.0006819738
111312 4 5944129.9902 2877.99452607291
111313 4 5948663.8125 2874.98629869721
111314 4 5953197.6348 2871.97610861662
111315 4 5957731.457 2868.96406460109
111316 4 5962265.2793 2865.95027542055
111317 4 5966799.1016 2862.93484984493
111318 4 5971332.9238 2859.91789664416
111319 4 5975866.7461 2856.89952458819
111320 4 5980400.5684 2853.87984244694
111321 4 5984934.3906 2850.85895899035
111322 4 5989468.2129 2847.83698298835
111323 4 5994002.0352 2844.81402321087
111324 4 5998535.8574 2841.79018842786
111325 4 6003069.6797 2838.76558740925
111326 4 6007603.502 2835.74032892496
111327 4 6012137.3242 2832.71452174494
111328 4 6016671.1465 2829.68827463912
111329 4 6021204.9688 2826.66169637743
111330 4 6025738.791 2823.6348957298
111331 4 6030272.6133 2820.60798146618
111332 4 6034806.4355 2817.58106235649
111333 4 6039340.2578 2814.55424717067
111334 4 6043874.0801 2811.52764467866
111335 4 6048407.9023 2808.50136365038
111336 4 6052941.7246 2805.47551285577
111337 4 6057475.5469 2802.45020106477
111338 4 6062009.3691 2799.42553704731
111339 4 6066543.1914 2796.40162957333
111340 4 6071077.0137 2793.36770583204
111341 4 6075610.8359 2790.31310284338
111342 4 6080144.6582 2787.23809412336
111343 4 6084678.4805 2784.14295318799
111344 4 6089212.3027 2781.02795355329
111345 4 6093746.125 2777.89336873525
111346 4 6098279.9473 2774.7394722499
111347 4 6102813.7695 2771.56653761324
111348 4 6107347.5918 2768.37483834128
111349 4 6111881.4141 2765.16464795003
111350 4 6116415.2363 2761.93623995551
111351 4 6120949.0586 2758.68988787372
111352 4 6125482.8809 2755.42586522067
111353 4 6130016.7031 2752.14444551237
111354 4 6134550.5254 2748.84590226484
111355 4 6139084.3477 2745.53050899408
111356 4 6143618.1699 2742.19853921611
111357 4 6148151.9922 2738.85026644693
111358 4 6152685.8145 2735.48596420255
111359 4 6157219.6367 2732.10590599899
111360 4 6161753.459 2728.71036535226
111361 4 6166287.2812 2725.29961577836
111362 4 6170821.1035 2721.8739307933
111363 4 6175354.9258 2718.4335839131
111364 4 6179888.748 2714.97884865377
111365 4 6184422.5703 2711.50999853131
111366 4 6188956.3926 2708.02730706174
111367 4 6193490.2148 2704.53104776106
111368 4 6198024.0371 2701.02149414529
111369 4 6202557.8594 2697.49891973044
111370 4 6207091.6816 2693.96359803252
111371 4 6211625.5039 2690.41580256753
111372 4 6216159.3262 2686.85580685149
111373 4 6220693.1484 2683.28388440041
111374 4 6225226.9707 2679.7003087303
111375 4 6229760.793 2676.10535335716
111376 4 6234294.6152 2672.49929179701
111377 4 6238828.4375 2668.88239756587
111378 4 6243362.2598 2665.25494417973
111379 4 6247896.082 2661.61720515461
111380 4 6252429.9043 2657.96945400652
111381 4 6256963.7266 2654.31196425147
111382 4 6261497.5488 2650.64500940547
111383 4 6266031.3711 2646.96886298453
111384 4 6270565.1934 2643.28379850466
111385 4 6275099.0156 2639.59008948187
111386 4 6279632.8379 2635.88800943217
111387 4 6284166.6602 2632.17783187157
111388 4 6288700.4824 2628.45983031609
111389 4 6293234.3047 2624.73427828172
111390 4 6297768.127 2621.00144928449
111391 4 6302301.9492 2617.2616168404
111392 4 6306835.7715 2613.51505446546
111393 4 6311369.5938 2609.76203567568
111394 4 6315903.416 2606.00283398708
111395 4 6320437.2383 2602.23772291566
111396 4 6324971.0605 2598.46697597743
111397 4 6329504.8828 2594.69086668841
111398 4 6334038.7051 2590.9096685646
111399 4 6338572.5273 2587.12365512201
111400 4 6343106.3496 2583.33309987666
111401 4 6347640.1719 2579.53827634455
111402 4 6352173.9941 2575.7394580417
111403 4 6356707.8164 2571.93691848411
111404 4 6361241.6387 2568.13093118779
111405 4 6365775.4609 2564.32176966876
111406 4 6370309.2832 2560.50970744303
111407 4 6374843.1055 2556.6950180266
111408 4 6379376.9277 2552.87797493549
111409 4 6383910.75 2549.0588516857
111410 4 6388444.5723 2545.23792179325
111411 4 6392978.3945 2541.41545877415
111412 4 6397512.2168 2537.5917361444
111413 4 6402046.0391 2533.76702742002
111414 4 6406579.8613 2529.94160611702
111415 4 6411113.6836 2526.11574575141
111416 4 6415647.5059 2522.28971983919
111417 4 6420181.3281 2518.46380189638
111418 4 6424715.1504 2514.63826543899
111419 4 6429248.9727 2510.81338398303
111420 4 6433782.7949 2506.98943104451
111421 4 6438316.6172 2503.16668013943
111422 4 6442850.4395 2499.34540478382
111423 4 6447384.2617 2495.52587849367
111424 4 6451918.084 2491.708374785
111425 4 6456451.9062 2487.89316717382
111426 4 6460985.7285 2484.08052917615
111427 4 6465519.5508 2480.27073430798
111428 4 6470053.373 2476.46405608533
111429 4 6474587.1953 2472.66076802422
111430 4 6479121.0176 2468.86114364064
111431 4 6483654.8398 2465.06545645062
111432 4 6488188.6621 2461.27397997016
111433 4 6492722.4844 2457.48698771527
111434 4 6497256.3066 2453.70475320196
111435 4 6501790.1289 2449.92754994624
111436 4 6506323.9512 2446.15565146412
111437 4 6510857.7734 2442.38933127162
111438 4 6515391.5957 2438.62886288474
111439 4 6519925.418 2434.8745198195
111440 4 6524459.2402 2431.12657559189
111441 4 6528993.0625 2427.38530371794
111442 4 6533526.8848 2423.65097771366
111443 4 6538060.707 2419.92387109505
111444 4 6542594.5293 2416.20425737812
111445 4 6547128.3516 2412.49241007888
111446 4 6551662.1738 2408.78860271335
111447 4 6556195.9961 2405.09310879754
111448 4 6560729.8184 2401.40620184745
111449 4 6565263.6406 2397.7281553791
111450 4 6569797.4629 2394.05924290849
111451 4 6574331.2852 2390.39973795163
111452 4 6578865.1074 2386.74991402455
111453 4 6583398.9297 2383.11004464324
111454 4 6587932.752 2379.48040332371
111455 4 6592466.5742 2375.86126358198
111456 4 6597000.3965 2372.25289893406
111457 4 6601534.2188 2368.65558289596
111458 4 6606068.041 2365.06958898368
111459 4 6610601.8633 2361.49519071324
111460 4 6615135.6855 2357.93266160065
111461 4 6619669.5078 2354.38227516192
111462 4 6624203.3301 2350.84430491305
111463 4 6628737.1523 2347.31902437007
111464 4 6633270.9746 2343.80670704897
111465 4 6637804.7969 2340.30762646577
111466 4 6642338.6191 2336.82205613648
111467 4 6646872.4414 2333.33453530285
111468 4 6651406.2637 2329.82959756214
111469 4 6655940.0859 2326.3075079636
111470 4 6660473.9082 2322.7685315565
111471 4 6665007.7305 2319.21293339009
111472 4 6669541.5527 2315.64097851363
111473 4 6674075.375 2312.05293197639
111474 4 6678609.1973 2308.44905882762
111475 4 6683143.0195 2304.82962411658
111476 4 6687676.8418 2301.19489289253
111477 4 6692210.6641 2297.54513020474
111478 4 6696744.4863 2293.88060110245
111479 4 6701278.3086 2290.20157063494
111480 4 6705812.1309 2286.50830385145
111481 4 6710345.9531 2282.80106580126
111482 4 6714879.7754 2279.08012153361
111483 4 6719413.5977 2275.34573609777
111484 4 6723947.4199 2271.598174543
111485 4 6728481.2422 2267.83770191856
111486 4 6733015.0645 2264.06458327371
111487 4 6737548.8867 2260.2790836577
111488 4 6742082.709 2256.4814681198
111489 4 6746616.5312 2252.67200170926
111490 4 6751150.3535 2248.85094947536
111491 4 6755684.1758 2245.01857646733
111492 4 6760217.998 2241.17514773445
111493 4 6764751.8203 2237.32092832598
111494 4 6769285.6426 2233.45618329117
111495 4 6773819.4648 2229.58117767928
111496 4 6778353.2871 2225.69617653958
111497 4 6782887.1094 2221.80144492132
111498 4 6787420.9316 2217.89724787376
111499 4 6791954.7539 2213.98385044616
111500 4 6796488.5762 2210.06151768779
111501 4 6801022.3984 2206.13051464789
111502 4 6805556.2207 2202.19110637574
111503 4 6810090.043 2198.24355792058
111504 4 6814623.8652 2194.28813433169
111505 4 6819157.6875 2190.32510065831
111506 4 6823691.5098 2186.35472194972
111507 4 6828225.332 2182.37726325516
111508 4 6832759.1543 2178.3929896239
111509 4 6837292.9766 2174.4021661052
111510 4 6841826.7988 2170.40505774831
111511 4 6846360.6211 2166.40192960251
111512 4 6850894.4434 2162.39304671704
111513 4 6855428.2656 2158.37867414116
111514 4 6859962.0879 2154.35907692414
111515 4 6864495.9102 2150.33452011523
111516 4 6869029.7324 2146.3052687637
111517 4 6873563.5547 2142.27158791881
111518 4 6878097.377 2138.23374262981
111519 4 6882631.1992 2134.19199794596
111520 4 6887165.0215 2130.14661891652
111521 4 6891698.8438 2126.09787059076
111522 4 6896232.666 2122.04601801792
111523 4 6900766.4883 2117.99132624729
111524 4 6905300.3105 2113.9340603281
111525 4 6909834.1328 2109.87448530962
111526 4 6914367.9551 2105.81286624111
111527 4 6918901.7773 2101.74946817183
111528 4 6923435.5996 2097.68455615104
111529 4 6927969.4219 2093.618395228
111530 4 6932503.2441 2089.55125045197
111531 4 6937037.0664 2085.48338687221
111532 4 6941570.8887 2081.41506953798
111533 4 6946104.7109 2077.34656349853
111534 4 6950638.5332 2073.27813380313
111535 4 6955172.3555 2069.21004550104
111536 4 6959706.1777 2065.14256364151
111537 4 6964240 2061.07595327381
111538 4 6968773.8223 2057.01047944719
111539 4 6973307.6445 2052.94640721092
111540 4 6977841.4668 2048.88400161425
111541 4 6982375.2891 2044.82352770645
111542 4 6986909.1113 2040.76525053677
111543 4 6991442.9336 2036.70943515447
111544 4 6995976.7559 2032.65634660882
111545 4 7000510.5781 2028.60624994907
111546 4 7005044.4004 2024.55941022448
111547 4 7009578.2227 2020.51609248431
111548 4 7014112.0449 2016.47656177782
