chr mid sweep_loess
34010 7 19079152.52 33.8479260853054
34011 7 19083911.583 33.9720511820172
34012 7 19088670.646 34.0919591612633
34013 7 19093429.709 34.2075723856389
34014 7 19098188.772 34.3188132177396
34015 7 19102947.835 34.4256040201605
34016 7 19107706.8979 34.5278671554972
34017 7 19112465.9609 34.6255249863451
34018 7 19117225.0239 34.7184998752994
34019 7 19121984.0869 34.8067141849555
34020 7 19126743.1499 34.8900902779089
34021 7 19131502.2129 34.9685505167549
34022 7 19136261.2759 35.042017264089
34023 7 19141020.3389 35.1104128825064
34024 7 19145779.4019 35.1736597346025
34025 7 19150538.4648 35.2348624154504
34026 7 19155297.5278 35.2971598981905
34027 7 19160056.5908 35.3605261125193
34028 7 19164815.6538 35.4249349881335
34029 7 19169574.7168 35.4903604547295
34030 7 19174333.7798 35.556776442004
34031 7 19179092.8428 35.6241568796535
34032 7 19183851.9058 35.6924756973746
34033 7 19188610.9688 35.7617068248639
34034 7 19193370.0317 35.8318241918178
34035 7 19198129.0947 35.9028017279331
34036 7 19202888.1577 35.9746133629062
34037 7 19207647.2207 36.0472330264337
34038 7 19212406.2837 36.1206346482121
34039 7 19217165.3467 36.1947921579382
34040 7 19221924.4097 36.2696794853083
34041 7 19226683.4727 36.3452705600191
34042 7 19231442.5356 36.4215393117671
34043 7 19236201.5986 36.4984596702489
34044 7 19240960.6616 36.5760055651611
34045 7 19245719.7246 36.6541509262003
34046 7 19250478.7876 36.7328696830629
34047 7 19255237.8506 36.8121357654456
34048 7 19259996.9136 36.891923103045
34049 7 19264755.9766 36.9722056255575
34050 7 19269515.0396 37.0529572626798
34051 7 19274274.1025 37.1341519441084
34052 7 19279033.1655 37.2157635995399
34053 7 19283792.2285 37.2977661586709
34054 7 19288551.2915 37.3801335511979
34055 7 19293310.3545 37.4628397068175
34056 7 19298069.4175 37.5458585552262
34057 7 19302828.4805 37.6291640261207
34058 7 19307587.5435 37.7127300491974
34059 7 19312346.6064 37.796530554153
34060 7 19317105.6694 37.880539470684
34061 7 19321864.7324 37.964730728487
34062 7 19326623.7954 38.0490782572586
34063 7 19331382.8584 38.1335559866952
34064 7 19336141.9214 38.2181378464936
34065 7 19340900.9844 38.3027977663502
34066 7 19345660.0474 38.3875096759615
34067 7 19350419.1104 38.4722475050243
34068 7 19355178.1733 38.556985183235
34069 7 19359937.2363 38.6416966402902
34070 7 19364696.2993 38.7263558058865
34071 7 19369455.3623 38.8109366097204
34072 7 19374214.4253 38.8954129814886
34073 7 19378973.4883 38.9797588508875
34074 7 19383732.5513 39.0639481476137
34075 7 19388491.6143 39.1479548013638
34076 7 19393250.6772 39.2317527418344
34077 7 19398009.7402 39.315315898722
34078 7 19402768.8032 39.3986182017232
34079 7 19407527.8662 39.4816335805346
34080 7 19412286.9292 39.5643359648527
34081 7 19417045.9922 39.6466992843741
34082 7 19421805.0552 39.7286974687954
34083 7 19426564.1182 39.810304447813
34084 7 19431323.1812 39.8914941511237
34085 7 19436082.2441 39.9722405084239
34086 7 19440841.3071 40.0525174494102
34087 7 19445600.3701 40.1322989037793
34088 7 19450359.4331 40.2115588012275
34089 7 19455118.4961 40.2902710714516
34090 7 19459877.5591 40.3684096441481
34091 7 19464636.6221 40.4459484490135
34092 7 19469395.6851 40.5228614157444
34093 7 19474154.748 40.5991224740374
34094 7 19478913.811 40.6747055535891
34095 7 19483672.874 40.749584584096
34096 7 19488431.937 40.8237334952546
34097 7 19493191 40.8971262167616
34098 7 19497950.063 40.9697366783134
34099 7 19502709.126 41.0415388096068
34100 7 19507468.189 41.1125065403382
34101 7 19512227.252 41.1826138002042
34102 7 19516986.3149 41.2518345189013
34103 7 19521745.3779 41.3201426261262
34104 7 19526504.4409 41.3875120515754
34105 7 19531263.5039 41.4539167249454
34106 7 19536022.5669 41.5193305759329
34107 7 19540781.6299 41.5837275342344
34108 7 19545540.6929 41.6470815295464
34109 7 19550299.7559 41.7093664915656
34110 7 19555058.8188 41.7705563499884
34111 7 19559817.8818 41.8306250345115
34112 7 19564576.9448 41.8895464748314
34113 7 19569336.0078 41.9472946006448
34114 7 19574095.0708 42.003843341648
34115 7 19578854.1338 42.0591666275378
34116 7 19583613.1968 42.1132383880107
34117 7 19588372.2598 42.1660325527632
34118 7 19593131.3228 42.2175230514919
34119 7 19597890.3857 42.2676838138934
34120 7 19602649.4487 42.3164887696643
34121 7 19607408.5117 42.3639118485011
34122 7 19612167.5747 42.4099269801003
34123 7 19616926.6377 42.4545080941586
34124 7 19621685.7007 42.4976291203725
34125 7 19626444.7637 42.5392639884386
34126 7 19631203.8267 42.5793866280534
34127 7 19635962.8896 42.6179709689135
34128 7 19640721.9526 42.6549909407155
34129 7 19645481.0156 42.6904204731559
34130 7 19650240.0786 42.7242334959313
34131 7 19654999.1416 42.7564039387383
34132 7 19659758.2046 42.7869057312734
34133 7 19664517.2676 42.8157128032333
34134 7 19669276.3306 42.8427990843143
34135 7 19674035.3936 42.8681385042132
34136 7 19678794.4565 42.8917049926266
34137 7 19683553.5195 42.9134724792508
34138 7 19688312.5825 42.9334148937826
34139 7 19693071.6455 42.9515061659185
34140 7 19697830.7085 42.967720225355
34141 7 19702589.7715 42.9820310017887
34142 7 19707348.8345 42.9944124249163
34143 7 19712107.8975 43.0048384244342
34144 7 19716866.9604 43.013282930039
34145 7 19721626.0234 43.0197198714273
34146 7 19726385.0864 43.0241231782956
34147 7 19731144.1494 43.0264667803406
34148 7 19735903.2124 43.0267246072587
34149 7 19740662.2754 43.0248705887466
34150 7 19745421.3384 43.0208786545008
34151 7 19750180.4014 43.0147227342178
34152 7 19754939.4644 43.0063376751636
34153 7 19759698.5273 42.9956940145457
34154 7 19764457.5903 42.9828192169737
34155 7 19769216.6533 42.9677407470571
34156 7 19773975.7163 42.9504860694053
34157 7 19778734.7793 42.9310826486279
34158 7 19783493.8423 42.9095579493344
34159 7 19788252.9053 42.8859394361341
34160 7 19793011.9683 42.8602545736367
34161 7 19797771.0312 42.8325308264515
34162 7 19802530.0942 42.8027956591882
34163 7 19807289.1572 42.7710765364561
34164 7 19812048.2202 42.7374009228648
34165 7 19816807.2832 42.7017962830237
34166 7 19821566.3462 42.6642900815424
34167 7 19826325.4092 42.6249097830302
34168 7 19831084.4722 42.5836828520968
34169 7 19835843.5352 42.5406367533516
34170 7 19840602.5981 42.495798951404
34171 7 19845361.6611 42.4491969108637
34172 7 19850120.7241 42.4008580963399
34173 7 19854879.7871 42.3508099724424
34174 7 19859638.8501 42.2990800037804
34175 7 19864397.9131 42.2456956549636
34176 7 19869156.9761 42.1906843906014
34177 7 19873916.0391 42.1340736753032
34178 7 19878675.1021 42.0758909736787
34179 7 19883434.165 42.0161637503372
34180 7 19888193.228 41.9549194698882
34181 7 19892952.291 41.8921855969414
34182 7 19897711.354 41.827989596106
34183 7 19902470.417 41.7623589319916
34184 7 19907229.48 41.6953210692078
34185 7 19911988.543 41.6269034723639
34186 7 19916747.606 41.5571336060695
34187 7 19921506.6689 41.4860389349341
34188 7 19926265.7319 41.4136469235671
34189 7 19931024.7949 41.3399850365781
34190 7 19935783.8579 41.2650807385765
34191 7 19940542.9209 41.1889614941718
34192 7 19945301.9839 41.1116547679735
34193 7 19950061.0469 41.033188024591
34194 7 19954820.1099 40.953588728634
34195 7 19959579.1729 40.8728843447118
34196 7 19964338.2358 40.791102337434
34197 7 19969097.2988 40.70827017141
34198 7 19973856.3618 40.6244153112493
34199 7 19978615.4248 40.5395652215614
34200 7 19983374.4878 40.4537473669558
34201 7 19988133.5508 40.3669892120421
34202 7 19992892.6138 40.2793182214295
34203 7 19997651.6768 40.1907618597278
34204 7 20002410.7397 40.1013475915463
34205 7 20007169.8027 40.0111028814945
34206 7 20011928.8657 39.9200551941819
34207 7 20016687.9287 39.828231994218
34208 7 20021446.9917 39.7356607462124
34209 7 20026206.0547 39.6423689147744
34210 7 20030965.1177 39.5483839645136
34211 7 20035724.1807 39.4537333600394
34212 7 20040483.2437 39.3584445659614
34213 7 20045242.3066 39.262545046889
34214 7 20050001.3696 39.1660622674317
34215 7 20054760.4326 39.069023692199
34216 7 20059519.4956 38.9714567858004
34217 7 20064278.5586 38.8733890128454
34218 7 20069037.6216 38.7748478379435
34219 7 20073796.6846 38.6758607257041
34220 7 20078555.7476 38.5764551407367
34221 7 20083314.8105 38.4766585476509
34222 7 20088073.8735 38.3764984110561
34223 7 20092832.9365 38.2760021955618
34224 7 20097591.9995 38.1751973657775
34225 7 20102351.0625 38.0741113863127
34226 7 20107110.1255 37.9727717217768
34227 7 20111869.1885 37.8712058367793
34228 7 20116628.2515 37.7694411959298
34229 7 20121387.3145 37.6675052638378
34230 7 20126146.3774 37.5654255051126
34231 7 20130905.4404 37.4632293843638
34232 7 20135664.5034 37.3609443662009
34233 7 20140423.5664 37.2585979152334
34234 7 20145182.6294 37.1562174960708
34235 7 20149941.6924 37.0538305733225
34236 7 20154700.7554 36.951464611598
34237 7 20159459.8184 36.8491470755069
34238 7 20164218.8813 36.7469054296585
34239 7 20168977.9443 36.6447671386625
34240 7 20173737.0073 36.5427596671282
34241 7 20178496.0703 36.4409104796652
34242 7 20183255.1333 36.339247040883
34243 7 20188014.1963 36.237796815391
34244 7 20192773.2593 36.1365872677988
34245 7 20197532.3223 36.0356458627157
34246 7 20202291.3853 35.9350000647514
34247 7 20207050.4482 35.8346773385152
34248 7 20211809.5112 35.7347051486168
34249 7 20216568.5742 35.6351109596655
34250 7 20221327.6372 35.5359222362708
34251 7 20226086.7002 35.4371664430423
34252 7 20230845.7632 35.3388710445895
34253 7 20235604.8262 35.2410635055217
34254 7 20240363.8892 35.1437712904486
34255 7 20245122.9521 35.0470218639795
34256 7 20249882.0151 34.950842690724
34257 7 20254641.0781 34.8552612352916
34258 7 20259400.1411 34.7603049622917
34259 7 20264159.2041 34.6660013363339
34260 7 20268918.2671 34.5723778220276
34261 7 20273677.3301 34.4794618839823
34262 7 20278436.3931 34.3872809868075
34263 7 20283195.4561 34.2958625951127
34264 7 20287954.519 34.2052341735073
34265 7 20292713.582 34.115423186601
34266 7 20297472.645 34.026457099003
34267 7 20302231.708 33.9383633753231
34268 7 20306990.771 33.8511694801705
34269 7 20311749.834 33.7649028781548
113653 4 16557806.1309 33.882827630688
113654 4 16562339.9526 34.8193603515491
113655 4 16566873.7744 35.7674493015921
113656 4 16571407.5962 36.7267295443351
113657 4 16575941.418 37.6968361432963
113658 4 16580475.2397 38.6774041619935
113659 4 16585009.0615 39.6680686639449
113660 4 16589542.8833 40.6684647126685
113661 4 16594076.7051 41.6782273716825
113662 4 16598610.5269 42.6969917045048
113663 4 16603144.3486 43.7243927746535
113664 4 16607678.1704 44.7600656456466
113665 4 16612211.9922 45.8036453810023
113666 4 16616745.814 46.8547670442386
113667 4 16621279.6357 47.9130656988735
113668 4 16625813.4575 48.9781764084251
113669 4 16630347.2793 50.0497342364115
113670 4 16634881.1011 51.1273742463506
113671 4 16639414.9229 52.2107315017607
113672 4 16643948.7446 53.2994410661596
113673 4 16648482.5664 54.3931380030655
113674 4 16653016.3882 55.4914573759965
113675 4 16657550.21 56.5940342484706
113676 4 16662084.0317 57.7005036840058
113677 4 16666617.8535 58.8105007461202
113678 4 16671151.6753 59.9236604983319
113679 4 16675685.4971 61.0396180041589
113680 4 16680219.3188 62.1580083271193
113681 4 16684753.1406 63.2784665307311
113682 4 16689286.9624 64.4006276785124
113683 4 16693820.7842 65.5241268339813
113684 4 16698354.606 66.6485990606558
113685 4 16702888.4277 67.7736794220539
113686 4 16707422.2495 68.8990029816938
113687 4 16711956.0713 70.0242048030934
113688 4 16716489.8931 71.1489199497709
113689 4 16721023.7148 72.2727834852443
113690 4 16725557.5366 73.3954304730316
113691 4 16730091.3584 74.5164959766509
113692 4 16734625.1802 75.6356150596203
113693 4 16739159.002 76.7524227854578
113694 4 16743692.8237 77.8665542176815
113695 4 16748226.6455 78.9776444198094
113696 4 16752760.4673 80.0853284553596
113697 4 16757294.2891 81.1892413878502
113698 4 16761828.1108 82.2890182807992
113699 4 16766361.9326 83.3842941977246
113700 4 16770895.7544 84.4747042021446
113701 4 16775429.5762 85.5598833575772
113702 4 16779963.3979 86.6394667275403
113703 4 16784497.2197 87.7130893755522
113704 4 16789031.0415 88.7803863651308
113705 4 16793564.8633 89.8409927597943
113706 4 16798098.6851 90.8945436230605
113707 4 16802632.5068 91.9406740184478
113708 4 16807166.3286 92.9790190094739
113709 4 16811700.1504 94.0092136596572
113710 4 16816233.9722 95.0308930325155
113711 4 16820767.7939 96.043692191567
113712 4 16825301.6157 97.0472462003296
113713 4 16829835.4375 98.0411901223216
113714 4 16834369.2593 99.0251590210608
113715 4 16838903.0811 99.9987879600655
113716 4 16843436.9028 100.961712002854
113717 4 16847970.7246 101.913566212943
113718 4 16852504.5464 102.853985653852
113719 4 16857038.3682 103.782605389099
113720 4 16861572.1899 104.699060482201
113721 4 16866106.0117 105.602985996677
113722 4 16870639.8335 106.494016996045
113723 4 16875173.6553 107.371788543823
113724 4 16879707.4771 108.235935703529
113725 4 16884241.2988 109.08609353868
113726 4 16888775.1206 109.921897112796
113727 4 16893308.9424 110.742981489393
113728 4 16897842.7642 111.548981731991
113729 4 16902376.5859 112.339532904107
113730 4 16906910.4077 113.114270069259
113731 4 16911444.2295 113.872828290966
113732 4 16915978.0513 114.614842632744
113733 4 16920511.873 115.339948158114
113734 4 16925045.6948 116.047779930591
113735 4 16929579.5166 116.737973013696
113736 4 16934113.3384 117.410162470944
113737 4 16938647.1602 118.063983365856
113738 4 16943180.9819 118.699070761948
113739 4 16947714.8037 119.315059722739
113740 4 16952248.6255 119.911585311746
113741 4 16956782.4473 120.488282592489
113742 4 16961316.269 121.044786628484
113743 4 16965850.0908 121.580732483251
113744 4 16970383.9126 122.095755220306
113745 4 16974917.7344 122.589489903169
113746 4 16979451.5562 123.061571595356
113747 4 16983985.3779 123.511635360387
113748 4 16988519.1997 123.939316261779
113749 4 16993053.0215 124.344249363051
113750 4 16997586.8433 124.72606972772
113751 4 17002120.665 125.101184015501
113752 4 17006654.4868 125.486112513228
113753 4 17011188.3086 125.8806607251
113754 4 17015722.1304 126.284634155313
113755 4 17020255.9521 126.697838308064
113756 4 17024789.7739 127.12007868755
113757 4 17029323.5957 127.551160797969
113758 4 17033857.4175 127.990890143518
113759 4 17038391.2393 128.439072228394
113760 4 17042925.061 128.895512556794
113761 4 17047458.8828 129.360016632915
113762 4 17051992.7046 129.832389960955
113763 4 17056526.5264 130.312438045111
113764 4 17061060.3481 130.79996638958
113765 4 17065594.1699 131.294780498559
113766 4 17070127.9917 131.796685876245
113767 4 17074661.8135 132.305488026836
113768 4 17079195.6353 132.820992454529
113769 4 17083729.457 133.343004663521
113770 4 17088263.2788 133.871330158008
113771 4 17092797.1006 134.40577444219
113772 4 17097330.9224 134.946143020261
113773 4 17101864.7441 135.492241396421
113774 4 17106398.5659 136.043875074865
113775 4 17110932.3877 136.600849559792
113776 4 17115466.2095 137.162970355398
113777 4 17120000.0312 137.73004296588
113778 4 17124533.853 138.301872895436
113779 4 17129067.6748 138.878265648263
113780 4 17133601.4966 139.459026728559
113781 4 17138135.3184 140.043961640519
113782 4 17142669.1401 140.632875888342
113783 4 17147202.9619 141.225574976225
113784 4 17151736.7837 141.821864408364
113785 4 17156270.6055 142.421549688958
113786 4 17160804.4272 143.024436322203
113787 4 17165338.249 143.630329812296
113788 4 17169872.0708 144.239035663435
113789 4 17174405.8926 144.850359379817
113790 4 17178939.7144 145.464106465639
113791 4 17183473.5361 146.080082425098
113792 4 17188007.3579 146.698092762392
113793 4 17192541.1797 147.317942981717
113794 4 17197075.0015 147.939438587271
113795 4 17201608.8232 148.562385083251
113796 4 17206142.645 149.186587973855
113797 4 17210676.4668 149.811852763279
113798 4 17215210.2886 150.43798495572
113799 4 17219744.1104 151.064790055376
113800 4 17224277.9321 151.692073566444
113801 4 17228811.7539 152.319640993122
113802 4 17233345.5757 152.947297839606
113803 4 17237879.3975 153.574849610093
113804 4 17242413.2192 154.202101808781
113805 4 17246947.041 154.828859939867
113806 4 17251480.8628 155.454929507549
113807 4 17256014.6846 156.080116016022
113808 4 17260548.5063 156.704224969485
113809 4 17265082.3281 157.327061872135
113810 4 17269616.1499 157.948432228169
113811 4 17274149.9717 158.568141541784
113812 4 17278683.7935 159.185995317178
113813 4 17283217.6152 159.801799058547
113814 4 17287751.437 160.415358270089
113815 4 17292285.2588 161.026478456
113816 4 17296819.0806 161.634965120479
113817 4 17301352.9023 162.240623767722
113818 4 17305886.7241 162.843259901927
113819 4 17310420.5459 163.44267902729
113820 4 17314954.3677 164.038686648009
113821 4 17319488.1895 164.631088268281
113822 4 17324022.0112 165.219689392304
113823 4 17328555.833 165.804295524274
113824 4 17333089.6548 166.384712168388
113825 4 17337623.4766 166.960744828845
113826 4 17342157.2983 167.532199009841
113827 4 17346691.1201 168.098880215573
113828 4 17351224.9419 168.660593950238
113829 4 17355758.7637 169.217145718034
113830 4 17360292.5854 169.768341023158
113831 4 17364826.4072 170.313985369807
113832 4 17369360.229 170.853884262178
113833 4 17373894.0508 171.387843204468
113834 4 17378427.8726 171.915667700876
113835 4 17382961.6943 172.437163255597
113836 4 17387495.5161 172.952135372829
113837 4 17392029.3379 173.460389556769
113838 4 17396563.1597 173.961731311614
113839 4 17401096.9814 174.455966141563
113840 4 17405630.8032 174.942899550811
113841 4 17410164.625 175.422337043556
113842 4 17414698.4468 175.894084123995
113843 4 17419232.2686 176.357946296325
113844 4 17423766.0903 176.813729064745
113845 4 17428299.9121 177.261237933449
113846 4 17432833.7339 177.700278406637
113847 4 17437367.5557 178.130655988505
113848 4 17441901.3774 178.552176183251
113849 4 17446435.1992 178.964644495071
113850 4 17450969.021 179.367866428162
113851 4 17455502.8428 179.761647486723
113852 4 17460036.6646 180.14579317495
113853 4 17464570.4863 180.52010899704
113854 4 17469104.3081 180.88440045719
113855 4 17473638.1299 181.238473059599
113856 4 17478171.9517 181.582132308462
113857 4 17482705.7734 181.915183707977
113858 4 17487239.5952 182.237432762342
113859 4 17491773.417 182.548684975753
113860 4 17496307.2388 182.848745852408
113861 4 17500841.0605 183.137420896503
113862 4 17505374.8823 183.414515612237
113863 4 17509908.7041 183.679835503806
113864 4 17514442.5259 183.933186075408
113865 4 17518976.3477 184.174372831239
113866 4 17523510.1694 184.403201275497
113867 4 17528043.9912 184.619476912379
113868 4 17532577.813 184.823005246082
113869 4 17537111.6348 185.013591780804
113870 4 17541645.4565 185.191042020741
113871 4 17546179.2783 185.355161470092
113872 4 17550713.1001 185.505755633052
113873 4 17555246.9219 185.642630013819
113874 4 17559780.7437 185.765590116591
113875 4 17564314.5654 185.874441445565
113876 4 17568848.3872 185.968989504937
113877 4 17573382.209 186.049039798905
113878 4 17577916.0308 186.118145413899
113879 4 17582449.8525 186.180038511621
113880 4 17586983.6743 186.234793209181
113881 4 17591517.4961 186.282483623688
113882 4 17596051.3179 186.323183872251
113883 4 17600585.1396 186.356968071978
113884 4 17605118.9614 186.38391033998
113885 4 17609652.7832 186.404084793364
113886 4 17614186.605 186.417565549241
113887 4 17618720.4268 186.424426724718
113888 4 17623254.2485 186.424742436905
113889 4 17627788.0703 186.418586802911
113890 4 17632321.8921 186.406033939845
113891 4 17636855.7139 186.387157964817
113892 4 17641389.5356 186.362032994934
113893 4 17645923.3574 186.330733147306
113894 4 17650457.1792 186.293332539042
113895 4 17654991.001 186.249905287251
113896 4 17659524.8228 186.200525509043
113897 4 17664058.6445 186.145267321525
113898 4 17668592.4663 186.084204841807
113899 4 17673126.2881 186.017412186999
113900 4 17677660.1099 185.944963474209
113901 4 17682193.9316 185.866932820545
113902 4 17686727.7534 185.783394343118
113903 4 17691261.5752 185.694422159036
113904 4 17695795.397 185.600090385409
113905 4 17700329.2188 185.500473139344
113906 4 17704863.0405 185.395644537952
113907 4 17709396.8623 185.285678698341
113908 4 17713930.6841 185.17064973762
113909 4 17718464.5059 185.050631772898
113910 4 17722998.3276 184.925698921285
113911 4 17727532.1494 184.795925299888
113912 4 17732065.9712 184.661385025819
113913 4 17736599.793 184.522152216184
113914 4 17741133.6147 184.378300988094
113915 4 17745667.4365 184.229905458657
113916 4 17750201.2583 184.077039744982
113917 4 17754735.0801 183.919777964179
113918 4 17759268.9019 183.758194233356
113919 4 17763802.7236 183.592362669623
113920 4 17768336.5454 183.422357390088
113921 4 17772870.3672 183.24825251186
113922 4 17777404.189 183.070122152049
113923 4 17781938.0107 182.888040427763
113924 4 17786471.8325 182.702081456112
113925 4 17791005.6543 182.512319354204
113926 4 17795539.4761 182.318828239149
113927 4 17800073.2979 182.121682228055
113928 4 17804607.1196 181.920955438032
113929 4 17809140.9414 181.716721986188
113930 4 17813674.7632 181.509055989633
113931 4 17818208.585 181.298031565475
113932 4 17822742.4067 181.083722830824
113933 4 17827276.2285 180.866203902788
113934 4 17831810.0503 180.645548898478
113935 4 17836343.8721 180.421831935
113936 4 17840877.6938 180.195127129466
113937 4 17845411.5156 179.965508598983
113938 4 17849945.3374 179.73305046066
113939 4 17854479.1592 179.497826831608
113940 4 17859012.981 179.259911828934
113941 4 17863546.8027 179.019379569747
113942 4 17868080.6245 178.776304171158
113943 4 17872614.4463 178.530759750274
113944 4 17877148.2681 178.282820424205
113945 4 17881682.0898 178.03256031006
113946 4 17886215.9116 177.780053524947
113947 4 17890749.7334 177.525374185976
113948 4 17895283.5552 177.268596410256
113949 4 17899817.377 177.009794314896
113950 4 17904351.1987 176.749042017005
113951 4 17908885.0205 176.486413633691
113952 4 17913418.8423 176.221983282065
113953 4 17917952.6641 175.955825079234
113954 4 17922486.4858 175.688013142308
113955 4 17927020.3076 175.418621588396
113956 4 17931554.1294 175.147724534607
113957 4 17936087.9512 174.87539609805
113958 4 17940621.7729 174.601710395834
113959 4 17945155.5947 174.326741545068
113960 4 17949689.4165 174.050563662861
113961 4 17954223.2383 173.773250866321
113962 4 17958757.0601 173.494877272559
113963 4 17963290.8818 173.215516998683
113964 4 17967824.7036 172.935244161802
113965 4 17972358.5254 172.654132879025
113966 4 17976892.3472 172.372257267461
113967 4 17981426.1689 172.089691444219
113968 4 17985959.9907 171.806509526408
113969 4 17990493.8125 171.522785631137
113970 4 17995027.6343 171.238593875515
113971 4 17999561.4561 170.954008376652
113972 4 18004095.2778 170.669103251656
113973 4 18008629.0996 170.383952617635
113974 4 18013162.9214 170.0986305917
113975 4 18017696.7432 169.813211290959
113976 4 18022230.5649 169.527768832522
113977 4 18026764.3867 169.242377333496
113978 4 18031298.2085 168.957110910992
113979 4 18035832.0303 168.672043682118
113980 4 18040365.8521 168.387249763984
113981 4 18044899.6738 168.102803273697
113982 4 18049433.4956 167.818778328368
113983 4 18053967.3174 167.535249045105
113984 4 18058501.1392 167.252289541018
113985 4 18063034.9609 166.969973933215
113986 4 18067568.7827 166.688376338805
113987 4 18072102.6045 166.407570874897
113988 4 18076636.4263 166.127631658601
113989 4 18081170.248 165.848632807026
113990 4 18085704.0698 165.57064843728
113991 4 18090237.8916 165.293752666472
113992 4 18094771.7134 165.018019611711
113993 4 18099305.5352 164.743523390107
113994 4 18103839.3569 164.470338118769
113995 4 18108373.1787 164.198537914805
113996 4 18112907.0005 163.928196895324
113997 4 18117440.8223 163.659389177436
113998 4 18121974.644 163.39218887825
113999 4 18126508.4658 163.126670114874
114000 4 18131042.2876 162.862907004417
114001 4 18135576.1094 162.60097366399
114002 4 18140109.9312 162.340944210699
114003 4 18144643.7529 162.082892761656
114004 4 18149177.5747 161.826893433968
114005 4 18153711.3965 161.560587645585
114006 4 18158245.2183 161.271790983708
114007 4 18162779.04 160.960838819315
114008 4 18167312.8618 160.628066523389
114009 4 18171846.6836 160.27380946691
114010 4 18176380.5054 159.898403020861
114011 4 18180914.3271 159.502182556221
114012 4 18185448.1489 159.085483443971
114013 4 18189981.9707 158.648641055094
114014 4 18194515.7925 158.19199076057
114015 4 18199049.6143 157.71586793138
114016 4 18203583.436 157.220607938505
114017 4 18208117.2578 156.706546152927
114018 4 18212651.0796 156.174017945626
114019 4 18217184.9014 155.623358687584
114020 4 18221718.7231 155.054903749781
114021 4 18226252.5449 154.468988503199
114022 4 18230786.3667 153.865948318819
114023 4 18235320.1885 153.246118567622
114024 4 18239854.0103 152.609834620589
114025 4 18244387.832 151.957431848702
114026 4 18248921.6538 151.28924562294
114027 4 18253455.4756 150.605611314286
114028 4 18257989.2974 149.90686429372
114029 4 18262523.1191 149.193339932224
114030 4 18267056.9409 148.465373600778
114031 4 18271590.7627 147.723300670365
114032 4 18276124.5845 146.967456511964
114033 4 18280658.4062 146.198176496557
114034 4 18285192.228 145.415795995125
114035 4 18289726.0498 144.62065037865
114036 4 18294259.8716 143.813075018111
114037 4 18298793.6934 142.993405284491
114038 4 18303327.5151 142.161976548771
114039 4 18307861.3369 141.319124181931
114040 4 18312395.1587 140.465183554952
114041 4 18316928.9805 139.600490038817
114042 4 18321462.8022 138.725379004505
114043 4 18325996.624 137.840185822998
114044 4 18330530.4458 136.945245865278
114045 4 18335064.2676 136.040894502324
114046 4 18339598.0894 135.127467105119
114047 4 18344131.9111 134.205299044643
114048 4 18348665.7329 133.274725691878
114049 4 18353199.5547 132.336082417804
114050 4 18357733.3765 131.389704593403
114051 4 18362267.1982 130.435927589655
114052 4 18366801.02 129.475086777543
114053 4 18371334.8418 128.507517528046
114054 4 18375868.6636 127.533555212147
114055 4 18380402.4854 126.553535200825
114056 4 18384936.3071 125.567792865063
114057 4 18389470.1289 124.576663575841
114058 4 18394003.9507 123.580482704141
114059 4 18398537.7725 122.579585620944
114060 4 18403071.5942 121.574307697229
114061 4 18407605.416 120.56498430398
114062 4 18412139.2378 119.551950812177
114063 4 18416673.0596 118.5355425928
114064 4 18421206.8813 117.516095016832
114065 4 18425740.7031 116.493943455253
114066 4 18430274.5249 115.469423279044
114067 4 18434808.3467 114.442869859186
114068 4 18439342.1685 113.414618566661
114069 4 18443875.9902 112.38500477245
114070 4 18448409.812 111.354363847533
114071 4 18452943.6338 110.323031162892
114072 4 18457477.4556 109.291342089507
114073 4 18462011.2773 108.259631998361
114074 4 18466545.0991 107.228236260434
114075 4 18471078.9209 106.197490246707
114076 4 18475612.7427 105.167729328161
114077 4 18480146.5645 104.139288875777
114078 4 18484680.3862 103.112504260537
114079 4 18489214.208 102.087710853422
114080 4 18493748.0298 101.065244025412
114081 4 18498281.8516 100.045439147489
114082 4 18502815.6733 99.0286315906339
114083 4 18507349.4951 98.0151567258277
114084 4 18511883.3169 97.0053499240516
114085 4 18516417.1387 95.9995465562867
114086 4 18520950.9604 94.9980819935139
114087 4 18525484.7822 94.0012916067146
114088 4 18530018.604 93.0095107668697
114089 4 18534552.4258 92.0230748449604
114090 4 18539086.2476 91.0423192119677
114091 4 18543620.0693 90.0675792388728
114092 4 18548153.8911 89.0991902966568
114093 4 18552687.7129 88.1374877563007
114094 4 18557221.5347 87.1828069887857
114095 4 18561755.3564 86.2354833650928
114096 4 18566289.1782 85.2958522562032
114097 4 18570823 84.364249033098
114098 4 18575356.8218 83.4410090667582
114099 4 18579890.6436 82.526467728165
114100 4 18584424.4653 81.6209603882995
114101 4 18588958.2871 80.7248224181427
114102 4 18593492.1089 79.8383891886757
114103 4 18598025.9307 78.9619960708798
114104 4 18602559.7524 78.0959784357358
114105 4 18607093.5742 77.2406716542251
114106 4 18611627.396 76.3964110973286
114107 4 18616161.2178 75.5635321360275
114108 4 18620695.0396 74.7423701413028
114109 4 18625228.8613 73.9332604841357
114110 4 18629762.6831 73.1365385355072
114111 4 18634296.5049 72.3525396663985
114112 4 18638830.3267 71.5815992477907
114113 4 18643364.1484 70.8240526506648
114114 4 18647897.9702 70.080235246002
114115 4 18652431.792 69.3504824047833
114116 4 18656965.6138 68.63512949799
114117 4 18661499.4355 67.9345118966029
114118 4 18666033.2573 67.2489649716033
114119 4 18670567.0791 66.5788240939723
114120 4 18675100.9009 65.9244246346909
114121 4 18679634.7227 65.2861019647403
114122 4 18684168.5444 64.6641914551016
114123 4 18688702.3662 64.0590284767558
114124 4 18693236.188 63.4709484006841
114125 4 18697770.0098 62.9002865978675
114126 4 18702303.8315 62.3473784392872
114127 4 18706837.6533 61.8125592959242
114128 4 18711371.4751 61.2961645387597
114129 4 18715905.2969 60.7985295387748
114130 4 18720439.1187 60.3199896669505
114131 4 18724972.9404 59.860880294268
114132 4 18729506.7622 59.4057953643055
114133 4 18734040.584 58.9392404333798
114134 4 18738574.4058 58.4614182915795
114135 4 18743108.2275 57.9725317289933
114136 4 18747642.0493 57.47278353571
114137 4 18752175.8711 56.9623765018182
114138 4 18756709.6929 56.4415134174067
114139 4 18761243.5146 55.9103970725642
114140 4 18765777.3364 55.3692302573793
114141 4 18770311.1582 54.8182157619407
114142 4 18774844.98 54.2575563763372
114143 4 18779378.8018 53.6874548906575
114144 4 18783912.6235 53.1081140949903
114145 4 18788446.4453 52.5197367794242
114146 4 18792980.2671 51.922525734048
114147 4 18797514.0889 51.3166837489504
114148 4 18802047.9106 50.70241361422
114149 4 18806581.7324 50.0799181199456
114150 4 18811115.5542 49.4494000562159
114151 4 18815649.376 48.8110622131196
114152 4 18820183.1978 48.1651073807454
114153 4 18824717.0195 47.5117383491819
114154 4 18829250.8413 46.851157908518
114155 4 18833784.6631 46.1835688488422
114156 4 18838318.4849 45.5091739602434
114157 4 18842852.3066 44.8281760328101
114158 4 18847386.1284 44.1407778566312
114159 4 18851919.9502 43.4471822217952
114160 4 18856453.772 42.747591918391
114161 4 18860987.5938 42.0422097365071
114162 4 18865521.4155 41.3312384662324
114163 4 18870055.2373 40.6148808976555
114164 4 18874589.0591 39.8933398208651
114165 4 18879122.8809 39.1668180259499
114166 4 18883656.7026 38.4355183029987
114167 4 18888190.5244 37.6996434421
114168 4 18892724.3462 36.9593962333427
114169 4 18897258.168 36.2149794668155
114170 4 18901791.9897 35.4665959326069
114171 4 18906325.8115 34.7144484208058
114172 4 18910859.6333 33.9587397215008
114836 4 21921317.2935 34.5566746275015
114837 4 21925851.1152 35.4914271323177
114838 4 21930384.937 36.4248489150659
114839 4 21934918.7588 37.3566662774269
114840 4 21939452.5806 38.2866055210816
114841 4 21943986.4023 39.2143929477109
114842 4 21948520.2241 40.1397548589956
114843 4 21953054.0459 41.0624175566164
114844 4 21957587.8677 41.9821073422544
114845 4 21962121.6895 42.8985505175902
114846 4 21966655.5112 43.8114733843048
114847 4 21971189.333 44.7206022440791
114848 4 21975723.1548 45.6256633985938
114849 4 21980256.9766 46.5263831495298
114850 4 21984790.7983 47.4224877985679
114851 4 21989324.6201 48.3137036473891
114852 4 21993858.4419 49.1997569976741
114853 4 21998392.2637 50.0803741511038
114854 4 22002926.0854 50.955281409359
114855 4 22007459.9072 51.8242050741206
114856 4 22011993.729 52.6868714470694
114857 4 22016527.5508 53.5430068298863
114858 4 22021061.3726 54.3923375242522
114859 4 22025595.1943 55.2345898318478
114860 4 22030129.0161 56.069490054354
114861 4 22034662.8379 56.8967644934517
114862 4 22039196.6597 57.7161394508217
114863 4 22043730.4814 58.5273412281448
114864 4 22048264.3032 59.330096127102
114865 4 22052798.125 60.124130449374
114866 4 22057331.9468 60.9091704966417
114867 4 22061865.7686 61.6849425705859
114868 4 22066399.5903 62.4511729728875
114869 4 22070933.4121 63.2075880052274
114870 4 22075467.2339 63.9539139692863
114871 4 22080001.0557 64.6898771667451
114872 4 22084534.8774 65.4152038992848
114873 4 22089068.6992 66.129620468586
114874 4 22093602.521 66.8328531763297
114875 4 22098136.3428 67.5246283241967
114876 4 22102670.1646 68.2046722138679
114877 4 22107203.9863 68.8727111470241
114878 4 22111737.8081 69.5284714253461
114879 4 22116271.6299 70.1716793505148
114880 4 22120805.4517 70.8020612242111
114881 4 22125339.2734 71.4193433481158
114882 4 22129873.0952 72.0232520239096
114883 4 22134406.917 72.6135135532736
114884 4 22138940.7388 73.1898542378885
114885 4 22143474.5605 73.7520003794352
114886 4 22148008.3823 74.2996782795945
114887 4 22152542.2041 74.8326142400472
114888 4 22157076.0259 75.3505345624743
114889 4 22161609.8477 75.8531655485565
114890 4 22166143.6694 76.3402334999748
114891 4 22170677.4912 76.8114647184099
114892 4 22175211.313 77.2665855055427
114893 4 22179745.1348 77.705322163054
114894 4 22184278.9565 78.1442753454482
114895 4 22188812.7783 78.6000295242151
114896 4 22193346.6001 79.0722867265134
114897 4 22197880.4219 79.5607489795023
114898 4 22202414.2437 80.0651183103405
114899 4 22206948.0654 80.5850967461869
114900 4 22211481.8872 81.1203863142007
114901 4 22216015.709 81.6706890415405
114902 4 22220549.5308 82.2357069553654
114903 4 22225083.3525 82.8151420828343
114904 4 22229617.1743 83.4086964511062
114905 4 22234150.9961 84.0160720873399
114906 4 22238684.8179 84.6369710186942
114907 4 22243218.6396 85.2710952723284
114908 4 22247752.4614 85.9181468754011
114909 4 22252286.2832 86.5778278550713
114910 4 22256820.105 87.249840238498
114911 4 22261353.9268 87.93388605284
114912 4 22265887.7485 88.6296673252564
114913 4 22270421.5703 89.3368860829059
114914 4 22274955.3921 90.0552443529476
114915 4 22279489.2139 90.7844441625403
114916 4 22284023.0356 91.5241875388431
114917 4 22288556.8574 92.2741765090147
114918 4 22293090.6792 93.0341131002142
114919 4 22297624.501 93.8036993396004
114920 4 22302158.3228 94.5826372543323
114921 4 22306692.1445 95.3706288715688
114922 4 22311225.9663 96.1673762184688
114923 4 22315759.7881 96.9725813221912
114924 4 22320293.6099 97.7859462098951
114925 4 22324827.4316 98.6071729087392
114926 4 22329361.2534 99.4359634458825
114927 4 22333895.0752 100.272019848484
114928 4 22338428.897 101.115044143702
114929 4 22342962.7188 101.964738358697
114930 4 22347496.5405 102.820804520626
114931 4 22352030.3623 103.682944656649
114932 4 22356564.1841 104.550860793925
114933 4 22361098.0059 105.424254959613
114934 4 22365631.8276 106.302829180871
114935 4 22370165.6494 107.186285484859
114936 4 22374699.4712 108.074325898735
114937 4 22379233.293 108.966652449659
114938 4 22383767.1147 109.862967164788
114939 4 22388300.9365 110.762972071283
114940 4 22392834.7583 111.666369196302
114941 4 22397368.5801 112.572860567005
114942 4 22401902.4019 113.482148210549
114943 4 22406436.2236 114.393934154094
114944 4 22410970.0454 115.307920424799
114945 4 22415503.8672 116.223809049822
114946 4 22420037.689 117.141302056323
114947 4 22424571.5107 118.060101471461
114948 4 22429105.3325 118.979909322395
114949 4 22433639.1543 119.900427636282
114950 4 22438172.9761 120.821358440283
114951 4 22442706.7979 121.742403761557
114952 4 22447240.6196 122.663265627261
114953 4 22451774.4414 123.583646064556
114954 4 22456308.2632 124.5032471006
114955 4 22460842.085 125.421770762551
114956 4 22465375.9067 126.33891907757
114957 4 22469909.7285 127.254394072814
114958 4 22474443.5503 128.167897775444
114959 4 22478977.3721 129.079132212616
114960 4 22483511.1938 129.987799411492
114961 4 22488045.0156 130.893601399229
114962 4 22492578.8374 131.796240202986
114963 4 22497112.6592 132.695417849922
114964 4 22501646.481 133.590836367197
114965 4 22506180.3027 134.482197781969
114966 4 22510714.1245 135.369204121398
114967 4 22515247.9463 136.251557412641
114968 4 22519781.7681 137.128959682858
114969 4 22524315.5898 138.001112959208
114970 4 22528849.4116 138.86771926885
114971 4 22533383.2334 139.728480638943
114972 4 22537917.0552 140.583099096645
114973 4 22542450.877 141.431276669116
114974 4 22546984.6987 142.272715383514
114975 4 22551518.5205 143.107117266999
114976 4 22556052.3423 143.934184346729
114977 4 22560586.1641 144.753618649863
114978 4 22565119.9858 145.565122203561
114979 4 22569653.8076 146.36839703498
114980 4 22574187.6294 147.163145171281
114981 4 22578721.4512 147.949068639621
114982 4 22583255.2729 148.725869467161
114983 4 22587789.0947 149.493249681058
114984 4 22592322.9165 150.250911308472
114985 4 22596856.7383 150.998556376562
114986 4 22601390.5601 151.735886912486
114987 4 22605924.3818 152.462604943404
114988 4 22610458.2036 153.178412496474
114989 4 22614992.0254 153.883011598855
114990 4 22619525.8472 154.576104277707
114991 4 22624059.6689 155.257392560188
114992 4 22628593.4907 155.926578473457
114993 4 22633127.3125 156.583364044673
114994 4 22637661.1343 157.227451300995
114995 4 22642194.9561 157.858542269581
114996 4 22646728.7778 158.476338977592
114997 4 22651262.5996 159.080543452185
114998 4 22655796.4214 159.67085772052
114999 4 22660330.2432 160.246983809756
115000 4 22664864.0649 160.808623747051
115001 4 22669397.8867 161.355479559564
115002 4 22673931.7085 161.887253274455
115003 4 22678465.5303 162.403646918882
115004 4 22682999.3521 162.904362520004
115005 4 22687533.1738 163.38910210498
115006 4 22692066.9956 163.857567700969
115007 4 22696600.8174 164.30946133513
115008 4 22701134.6392 164.744485034622
115009 4 22705668.4609 165.162340826604
115010 4 22710202.2827 165.562730738235
115011 4 22714736.1045 165.945356796673
115012 4 22719269.9263 166.309921029078
115013 4 22723803.748 166.656125462608
115014 4 22728337.5698 166.983672124422
115015 4 22732871.3916 167.29226304168
115016 4 22737405.2134 167.58160024154
115017 4 22741939.0352 167.851385751162
115018 4 22746472.8569 168.101321597703
115019 4 22751006.6787 168.331109808323
115020 4 22755540.5005 168.540452410182
115021 4 22760074.3223 168.739095388712
115022 4 22764608.144 168.936964862132
115023 4 22769141.9658 169.134033056775
115024 4 22773675.7876 169.330272198974
115025 4 22778209.6094 169.525654515063
115026 4 22782743.4312 169.720152231375
115027 4 22787277.2529 169.913737574243
115028 4 22791811.0747 170.106382770001
115029 4 22796344.8965 170.298060044982
115030 4 22800878.7183 170.48874162552
115031 4 22805412.54 170.678399737948
115032 4 22809946.3618 170.867006608599
115033 4 22814480.1836 171.054534463807
115034 4 22819014.0054 171.240955529905
115035 4 22823547.8271 171.426242033227
115036 4 22828081.6489 171.610366200106
115037 4 22832615.4707 171.793300256875
115038 4 22837149.2925 171.975016429868
115039 4 22841683.1143 172.155486945418
115040 4 22846216.936 172.334684029859
115041 4 22850750.7578 172.512579909524
115042 4 22855284.5796 172.689146810746
115043 4 22859818.4014 172.864356959859
115044 4 22864352.2231 173.038182583196
115045 4 22868886.0449 173.21059590709
115046 4 22873419.8667 173.381569157876
115047 4 22877953.6885 173.551074561885
115048 4 22882487.5103 173.719084345453
115049 4 22887021.332 173.885570734912
115050 4 22891555.1538 174.050505956595
115051 4 22896088.9756 174.213862236836
115052 4 22900622.7974 174.375611801969
115053 4 22905156.6191 174.535726878326
115054 4 22909690.4409 174.694179692241
115055 4 22914224.2627 174.850942470048
115056 4 22918758.0845 175.00598743808
115057 4 22923291.9062 175.15928682267
115058 4 22927825.728 175.310812850151
115059 4 22932359.5498 175.460537746858
115060 4 22936893.3716 175.608433739123
115061 4 22941427.1934 175.75447305328
115062 4 22945961.0151 175.898627915663
115063 4 22950494.8369 176.040870552604
115064 4 22955028.6587 176.181173190437
115065 4 22959562.4805 176.319508055496
115066 4 22964096.3022 176.455847374113
115067 4 22968630.124 176.590163372623
115068 4 22973163.9458 176.722428277358
115069 4 22977697.7676 176.852614314653
115070 4 22982231.5894 176.98069371084
115071 4 22986765.4111 177.106638692252
115072 4 22991299.2329 177.230421485224
115073 4 22995833.0547 177.352014316089
115074 4 23000366.8765 177.471389411179
115075 4 23004900.6982 177.588518996829
115076 4 23009434.52 177.703375299372
115077 4 23013968.3418 177.815930545141
115078 4 23018502.1636 177.92615696047
115079 4 23023035.9854 178.034026771692
115080 4 23027569.8071 178.13951220514
115081 4 23032103.6289 178.242585487147
115082 4 23036637.4507 178.343218844048
115083 4 23041171.2725 178.441384502176
115084 4 23045705.0942 178.537054687864
115085 4 23050238.916 178.630201627444
115086 4 23054772.7378 178.720797547252
115087 4 23059306.5596 178.80881467362
115088 4 23063840.3813 178.894225232881
115089 4 23068374.2031 178.97700145137
115090 4 23072908.0249 179.057115555419
115091 4 23077441.8467 179.134539771361
115092 4 23081975.6685 179.209246325531
115093 4 23086509.4902 179.281207444261
115094 4 23091043.312 179.350395353885
115095 4 23095577.1338 179.416782280737
115096 4 23100110.9556 179.480340451149
115097 4 23104644.7773 179.541042091455
115098 4 23109178.5991 179.598859427989
115099 4 23113712.4209 179.653764687084
115100 4 23118246.2427 179.705730095073
115101 4 23122780.0645 179.754727878289
115102 4 23127313.8862 179.800730263067
115103 4 23131847.708 179.84370947574
115104 4 23136381.5298 179.88363774264
115105 4 23140915.3516 179.920487290101
115106 4 23145449.1733 179.954230344457
115107 4 23149982.9951 179.984839132042
115108 4 23154516.8169 180.012285879187
115109 4 23159050.6387 180.036542812228
115110 4 23163584.4604 180.057582157497
115111 4 23168118.2822 180.075376141327
115112 4 23172652.104 180.089896990053
115113 4 23177185.9258 180.101116930007
115114 4 23181719.7476 180.109008187523
115115 4 23186253.5693 180.113542988934
115116 4 23190787.3911 180.114693560574
115117 4 23195321.2129 180.112432128776
115118 4 23199855.0347 180.106730919873
115119 4 23204388.8564 180.097562160199
115120 4 23208922.6782 180.084898076087
115121 4 23213456.5 180.068710893871
115122 4 23217990.3218 180.048972839884
115123 4 23222524.1436 180.025656140459
115124 4 23227057.9653 179.998733021931
115125 4 23231591.7871 179.968175710631
115126 4 23236125.6089 179.933956432894
115127 4 23240659.4307 179.896047415053
115128 4 23245193.2524 179.854420883441
115129 4 23249727.0742 179.809049064392
115130 4 23254260.896 179.759904184239
115131 4 23258794.7178 179.706958469316
115132 4 23263328.5396 179.650184145956
115133 4 23267862.3613 179.589553440492
115134 4 23272396.1831 179.525038579258
115135 4 23276930.0049 179.456611788587
115136 4 23281463.8267 179.384245294813
115137 4 23285997.6484 179.307911324268
115138 4 23290531.4702 179.227582103287
115139 4 23295065.292 179.143229858203
115140 4 23299599.1138 179.054826815349
115141 4 23304132.9355 178.962345201058
115142 4 23308666.7573 178.865757241664
115143 4 23313200.5791 178.765035163501
115144 4 23317734.4009 178.660151192901
115145 4 23322268.2227 178.551077556198
115146 4 23326802.0444 178.437786479726
115147 4 23331335.8662 178.320250189818
115148 4 23335869.688 178.192345143817
115149 4 23340403.5098 178.048117719463
115150 4 23344937.3315 177.88779502369
115151 4 23349471.1533 177.711604163428
115152 4 23354004.9751 177.519772245609
115153 4 23358538.7969 177.312526377164
115154 4 23363072.6187 177.090093665024
115155 4 23367606.4404 176.852701216123
115156 4 23372140.2622 176.600576137389
115157 4 23376674.084 176.333945535756
115158 4 23381207.9058 176.053036518155
115159 4 23385741.7275 175.758076191517
115160 4 23390275.5493 175.449291662773
115161 4 23394809.3711 175.126910038856
115162 4 23399343.1929 174.791158426696
115163 4 23403877.0146 174.442263933226
115164 4 23408410.8364 174.080453665376
115165 4 23412944.6582 173.705954730078
115166 4 23417478.48 173.318994234263
115167 4 23422012.3018 172.919799284864
115168 4 23426546.1235 172.508596988812
115169 4 23431079.9453 172.085614453037
115170 4 23435613.7671 171.651078784472
115171 4 23440147.5889 171.205217090048
115172 4 23444681.4106 170.748256476696
115173 4 23449215.2324 170.280424051349
115174 4 23453749.0542 169.801946920937
115175 4 23458282.876 169.313052192392
115176 4 23462816.6978 168.813966972645
115177 4 23467350.5195 168.304918368628
115178 4 23471884.3413 167.786133487273
115179 4 23476418.1631 167.257839435511
115180 4 23480951.9849 166.720263320273
115181 4 23485485.8066 166.173632248491
115182 4 23490019.6284 165.618173327096
115183 4 23494553.4502 165.05411366302
115184 4 23499087.272 164.481680363194
115185 4 23503621.0938 163.901100534551
115186 4 23508154.9155 163.31260128402
115187 4 23512688.7373 162.716409718535
115188 4 23517222.5591 162.112752945025
115189 4 23521756.3809 161.501858070424
115190 4 23526290.2026 160.883952201661
115191 4 23530824.0244 160.25926244567
115192 4 23535357.8462 159.62801590938
115193 4 23539891.668 158.990439699725
115194 4 23544425.4897 158.346760923634
115195 4 23548959.3115 157.697206688041
115196 4 23553493.1333 157.042004099875
115197 4 23558026.9551 156.381380266069
115198 4 23562560.7769 155.715562293554
115199 4 23567094.5986 155.044777289262
115200 4 23571628.4204 154.369252360124
115201 4 23576162.2422 153.689214613072
115202 4 23580696.064 153.004891155036
115203 4 23585229.8857 152.31650909295
115204 4 23589763.7075 151.624295533743
115205 4 23594297.5293 150.928477584348
115206 4 23598831.3511 150.229282351696
115207 4 23603365.1729 149.526936942718
115208 4 23607898.9946 148.821668464346
115209 4 23612432.8164 148.113704023512
115210 4 23616966.6382 147.403270727147
115211 4 23621500.46 146.690595682183
115212 4 23626034.2817 145.97590599555
115213 4 23630568.1035 145.259428774181
115214 4 23635101.9253 144.541391125006
115215 4 23639635.7471 143.822020154958
115216 4 23644169.5688 143.101542970968
115217 4 23648703.3906 142.380186679968
115218 4 23653237.2124 141.658178388888
115219 4 23657771.0342 140.93574520466
115220 4 23662304.856 140.213114234217
115221 4 23666838.6777 139.490512584488
115222 4 23671372.4995 138.768167362407
115223 4 23675906.3213 138.046305674904
115224 4 23680440.1431 137.32515462891
115225 4 23684973.9648 136.604941331358
115226 4 23689507.7866 135.885892889179
115227 4 23694041.6084 135.168236409304
115228 4 23698575.4302 134.452198998664
115229 4 23703109.252 133.738007764192
115230 4 23707643.0737 133.025889812819
115231 4 23712176.8955 132.316072251475
115232 4 23716710.7173 131.608782187094
115233 4 23721244.5391 130.904246726605
115234 4 23725778.3608 130.202692976942
115235 4 23730312.1826 129.504348045034
115236 4 23734846.0044 128.809439037814
115237 4 23739379.8262 128.118193062213
115238 4 23743913.6479 127.430837225162
115239 4 23748447.4697 126.747598633594
115240 4 23752981.2915 126.068704394439
115241 4 23757515.1133 125.39438161463
115242 4 23762048.9351 124.724857401097
115243 4 23766582.7568 124.060358860771
115244 4 23771116.5786 123.401113100586
115245 4 23775650.4004 122.747347227471
115246 4 23780184.2222 122.099288348359
115247 4 23784718.0439 121.457163570181
115248 4 23789251.8657 120.821199999868
115249 4 23793785.6875 120.191624744352
115250 4 23798319.5093 119.568664910565
115251 4 23802853.3311 118.952547605437
115252 4 23807387.1528 118.343499935901
115253 4 23811920.9746 117.741749008888
115254 4 23816454.7964 117.147521931329
115255 4 23820988.6182 116.561045810156
115256 4 23825522.4399 115.982547752301
115257 4 23830056.2617 115.412254864694
115258 4 23834590.0835 114.850394254267
115259 4 23839123.9053 114.297193027953
115260 4 23843657.7271 113.752878292681
115261 4 23848191.5488 113.217677155385
115262 4 23852725.3706 112.691816722994
115263 4 23857259.1924 112.175524102442
115264 4 23861793.0142 111.669026400658
115265 4 23866326.8359 111.172550724576
115266 4 23870860.6577 110.686324181125
115267 4 23875394.4795 110.210573877238
115268 4 23879928.3013 109.745526919847
115269 4 23884462.123 109.291410415882
115270 4 23888995.9448 108.848451472275
115271 4 23893529.7666 108.416877195958
115272 4 23898063.5884 107.996914693862
115273 4 23902597.4102 107.588791072918
115274 4 23907131.2319 107.192733440059
115275 4 23911665.0537 106.791874019323
115276 4 23916198.8755 106.369423175772
115277 4 23920732.6973 105.925725227875
115278 4 23925266.519 105.461124494096
115279 4 23929800.3408 104.975965292903
115280 4 23934334.1626 104.470591942763
115281 4 23938867.9844 103.945348762142
115282 4 23943401.8062 103.400580069507
115283 4 23947935.6279 102.836630183325
115284 4 23952469.4497 102.253843422062
115285 4 23957003.2715 101.652564104185
115286 4 23961537.0933 101.03313654816
115287 4 23966070.915 100.395905072455
115288 4 23970604.7368 99.7412139955357
115289 4 23975138.5586 99.0694076358692
115290 4 23979672.3804 98.380830311922
115291 4 23984206.2021 97.6758263421608
115292 4 23988740.0239 96.9547400450523
115293 4 23993273.8457 96.2179157390633
115294 4 23997807.6675 95.4656977426603
115295 4 24002341.4893 94.69843037431
115296 4 24006875.311 93.9164579524792
115297 4 24011409.1328 93.1201247956345
115298 4 24015942.9546 92.3097752222426
115299 4 24020476.7764 91.4857535507701
115300 4 24025010.5981 90.6484040996838
115301 4 24029544.4199 89.7980711874502
115302 4 24034078.2417 88.9350991325362
115303 4 24038612.0635 88.0598322534084
115304 4 24043145.8853 87.1726148685334
115305 4 24047679.707 86.2737912963779
115306 4 24052213.5288 85.3637058554087
115307 4 24056747.3506 84.4427028640924
115308 4 24061281.1724 83.5111266408956
115309 4 24065814.9941 82.5693215042851
115310 4 24070348.8159 81.6176317727275
115311 4 24074882.6377 80.6564017646895
115312 4 24079416.4595 79.6859757986378
115313 4 24083950.2812 78.7066981930391
115314 4 24088484.103 77.7189132663601
115315 4 24093017.9248 76.7229653370673
115316 4 24097551.7466 75.7191987236276
115317 4 24102085.5684 74.7079577445075
115318 4 24106619.3901 73.6895867181738
115319 4 24111153.2119 72.6644299630932
115320 4 24115687.0337 71.6328317977323
115321 4 24120220.8555 70.5951365405577
115322 4 24124754.6772 69.5516885100363
115323 4 24129288.499 68.5028320246346
115324 4 24133822.3208 67.4489114028193
115325 4 24138356.1426 66.3902709630572
115326 4 24142889.9644 65.3272550238149
115327 4 24147423.7861 64.260207903559
115328 4 24151957.6079 63.1894739207563
115329 4 24156491.4297 62.1153973938734
115330 4 24161025.2515 61.038322641377
115331 4 24165559.0732 59.9585939817338
115332 4 24170092.895 58.8765557334105
115333 4 24174626.7168 57.7925522148738
115334 4 24179160.5386 56.7069277445902
115335 4 24183694.3604 55.6200266410266
115336 4 24188228.1821 54.5321932226495
115337 4 24192762.0039 53.4437718079258
115338 4 24197295.8257 52.3551067153219
115339 4 24201829.6475 51.2665422633047
115340 4 24206363.4692 50.1784227703408
115341 4 24210897.291 49.0910925548969
115342 4 24215431.1128 48.0048959354396
115343 4 24219964.9346 46.9201772304357
115344 4 24224498.7563 45.8372807583518
115345 4 24229032.5781 44.7565508376546
115346 4 24233566.3999 43.6783317868107
115347 4 24238100.2217 42.6029679242869
115348 4 24242634.0435 41.5308035685499
115349 4 24247167.8652 40.4621830380663
115350 4 24251701.687 39.3974506513027
115351 4 24256235.5088 38.3369507267259
115352 4 24260769.3306 37.2810275828026
115353 4 24265303.1523 36.2300255379994
115354 4 24269836.9741 35.184288910783
115355 4 24274370.7959 34.1441620196201
