chr mid sweep_loess
11110 5 8914060.7256 10.4248150773693
11111 5 8922075.2988 10.4755586782935
11112 5 8930089.8721 10.5261243302715
11113 5 8938104.4453 10.576495667053
11114 5 8946119.0186 10.6266563223876
11115 5 8954133.5918 10.6765899300249
11116 5 8962148.165 10.7262801237147
11117 5 8970162.7383 10.7757105372066
11118 5 8978177.3115 10.8248648042502
11119 5 8986191.8848 10.8737265585951
11120 5 8994206.458 10.9222794339912
11121 5 9002221.0312 10.9705070641879
11122 5 9010235.6045 11.0183930829349
11123 5 9018250.1777 11.065921123982
11124 5 9026264.751 11.1130748210787
11125 5 9034279.3242 11.1598378079747
11126 5 9042293.8975 11.2061937184196
11127 5 9050308.4707 11.2521261861632
11128 5 9058323.0439 11.2976188449551
11129 5 9066337.6172 11.3426553285449
11130 5 9074352.1904 11.3872192706822
11131 5 9082366.7637 11.4312943051168
11132 5 9090381.3369 11.4748640655982
11133 5 9098395.9102 11.5179121858762
11134 5 9106410.4834 11.5604222997004
11135 5 9114425.0566 11.6023780408204
11136 5 9122439.6299 11.6437630429859
11137 5 9130454.2031 11.6845609399466
11138 5 9138468.7764 11.7247553654521
11139 5 9146483.3496 11.764329953252
11140 5 9154497.9229 11.803268337096
11141 5 9162512.4961 11.8415541507338
11142 5 9170527.0693 11.879171027915
11143 5 9178541.6426 11.9161026023893
11144 5 9186556.2158 11.9523325079063
11145 5 9194570.7891 11.9878443782157
11146 5 9202585.3623 12.0226218470672
11147 5 9210599.9355 12.0566485482103
11148 5 9218614.5088 12.0899081153947
11149 5 9226629.082 12.1223841823702
11150 5 9234643.6553 12.1540603828863
11151 5 9242658.2285 12.1849203506926
11152 5 9250672.8018 12.214947719539
11153 5 9258687.375 12.2441261231749
11154 5 9266701.9482 12.2724391953502
11155 5 9274716.5215 12.2998705698143
11156 5 9282731.0947 12.326403880317
11157 5 9290745.668 12.3520227606079
11158 5 9298760.2412 12.3767108444367
11159 5 9306774.8145 12.400451765553
11160 5 9314789.3877 12.4232291577065
11161 5 9322803.9609 12.4450266546469
11162 5 9330818.5342 12.4658278901237
11163 5 9338833.1074 12.4856164978867
11164 5 9346847.6807 12.5043761116855
11165 5 9354862.2539 12.5220903652697
11166 5 9362876.8271 12.5387428923891
11167 5 9370891.4004 12.5543173267932
11168 5 9378905.9736 12.5687973022317
11169 5 9386920.5469 12.5821664524542
11170 5 9394935.1201 12.5944084112105
11171 5 9402949.6934 12.6055068122502
11172 5 9410964.2666 12.6154452893229
11173 5 9418978.8398 12.6242074761783
11174 5 9426993.4131 12.6322152868691
11175 5 9435007.9863 12.6399030656294
11176 5 9443022.5596 12.6472730914809
11177 5 9451037.1328 12.6543276434453
11178 5 9459051.7061 12.661069000544
11179 5 9467066.2793 12.6674994417988
11180 5 9475080.8525 12.6736212462313
11181 5 9483095.4258 12.6794366928632
11182 5 9491109.999 12.684948060716
11183 5 9499124.5723 12.6901576288114
11184 5 9507139.1455 12.6950676761711
11185 5 9515153.7188 12.6996804818166
11186 5 9523168.292 12.7039983247696
11187 5 9531182.8652 12.7080234840518
11188 5 9539197.4385 12.7117582386848
11189 5 9547212.0117 12.7152048676902
11190 5 9555226.585 12.7183656500896
11191 5 9563241.1582 12.7212428649047
11192 5 9571255.7314 12.7238387911572
11193 5 9579270.3047 12.7261557078685
11194 5 9587284.8779 12.7281958940605
11195 5 9595299.4512 12.7299616287547
11196 5 9603314.0244 12.7314551909727
11197 5 9611328.5977 12.7326788597363
11198 5 9619343.1709 12.7336349140669
11199 5 9627357.7441 12.7343256329863
11200 5 9635372.3174 12.7347532955161
11201 5 9643386.8906 12.734920180678
11202 5 9651401.4639 12.7348285674935
11203 5 9659416.0371 12.7344807349842
11204 5 9667430.6104 12.733878962172
11205 5 9675445.1836 12.7330255280783
11206 5 9683459.7568 12.7319227117247
11207 5 9691474.3301 12.7305727921331
11208 5 9699488.9033 12.7289780483249
11209 5 9707503.4766 12.7271407593218
11210 5 9715518.0498 12.7250632041454
11211 5 9723532.623 12.7227476618174
11212 5 9731547.1963 12.7201964113594
11213 5 9739561.7695 12.7174117317931
11214 5 9747576.3428 12.7143959021401
11215 5 9755590.916 12.7111512014219
11216 5 9763605.4893 12.7076799086603
11217 5 9771620.0625 12.7039843028769
11218 5 9779634.6357 12.7000666630933
11219 5 9787649.209 12.6959292683311
11220 5 9795663.7822 12.6915743976121
11221 5 9803678.3555 12.6870043299577
11222 5 9811692.9287 12.6822213443897
11223 5 9819707.502 12.6772277199297
11224 5 9827722.0752 12.6720257355993
11225 5 9835736.6484 12.6666176704202
11226 5 9843751.2217 12.661005803414
11227 5 9851765.7949 12.6551924136023
11228 5 9859780.3682 12.6491797800067
11229 5 9867794.9414 12.642970181649
11230 5 9875809.5146 12.6365658975507
11231 5 9883824.0879 12.6299692067334
11232 5 9891838.6611 12.6231823882189
11233 5 9899853.2344 12.6162077210286
11234 5 9907867.8076 12.6090474841844
11235 5 9915882.3809 12.6017039567077
11236 5 9923896.9541 12.5941794176203
11237 5 9931911.5273 12.5864761459438
11238 5 9939926.1006 12.5785964206998
11239 5 9947940.6738 12.5705425209099
11240 5 9955955.2471 12.5623167255958
11241 5 9963969.8203 12.5539213137791
11242 5 9971984.3936 12.5453585644814
11243 5 9979998.9668 12.5366307567244
11244 5 9988013.54 12.5277401695298
11245 5 9996028.1133 12.5186890819191
11246 5 10004042.6865 12.509479772914
11247 5 10012057.2598 12.500114521536
11248 5 10020071.833 12.490595606807
11249 5 10028086.4062 12.4809253077484
11250 5 10036100.9795 12.471105903382
11251 5 10044115.5527 12.4611396727293
11252 5 10052130.126 12.451028894812
11253 5 10060144.6992 12.4407758486517
11254 5 10068159.2725 12.4303828132701
11255 5 10076173.8457 12.4198520676888
11256 5 10084188.4189 12.4091858909294
11257 5 10092202.9922 12.3983865620136
11258 5 10100217.5654 12.387456359963
11259 5 10108232.1387 12.3763975637992
11260 5 10116246.7119 12.3652124525439
11261 5 10124261.2852 12.3539033052186
11262 5 10132275.8584 12.3424724008452
11263 5 10140290.4316 12.3309220184451
11264 5 10148305.0049 12.3192544370399
11265 5 10156319.5781 12.3074719356515
11266 5 10164334.1514 12.2955767933013
11267 5 10172348.7246 12.283571289011
11268 5 10180363.2979 12.2714577018023
11269 5 10188377.8711 12.2592383106967
11270 5 10196392.4443 12.246915394716
11271 5 10204407.0176 12.2344912328817
11272 5 10212421.5908 12.2219681042155
11273 5 10220436.1641 12.209348287739
11274 5 10228450.7373 12.1966340624739
11275 5 10236465.3105 12.1838277074417
11276 5 10244479.8838 12.1709315016642
11277 5 10252494.457 12.1579477241629
11278 5 10260509.0303 12.1448786539595
11279 5 10268523.6035 12.1317265700757
11280 5 10276538.1768 12.118493751533
11281 5 10284552.75 12.105182477353
11282 5 10292567.3232 12.0917950265576
11283 5 10300581.8965 12.0783336781682
11284 5 10308596.4697 12.0648007112064
11285 5 10316611.043 12.0511984046941
11286 5 10324625.6162 12.0375290376526
11287 5 10332640.1895 12.0237948891038
11288 5 10340654.7627 12.0099982380692
11289 5 10348669.3359 11.9961413635705
11290 5 10356683.9092 11.9822265446293
11291 5 10364698.4824 11.9682560602673
11292 5 10372713.0557 11.954232189506
11293 5 10380727.6289 11.9401572113671
11294 5 10388742.2021 11.9260334048723
11295 5 10396756.7754 11.9118630490431
11296 5 10404771.3486 11.8976484229012
11297 5 10412785.9219 11.8833918054683
11298 5 10420800.4951 11.869095475766
11299 5 10428815.0684 11.8547617128159
11300 5 10436829.6416 11.8403927956397
11301 5 10444844.2148 11.8252702050287
11302 5 10452858.7881 11.8086881175855
11303 5 10460873.3613 11.7906678560485
11304 5 10468887.9346 11.7712307431561
11305 5 10476902.5078 11.7503981016468
11306 5 10484917.0811 11.728191254259
11307 5 10492931.6543 11.704631523731
11308 5 10500946.2275 11.6797402328013
11309 5 10508960.8008 11.6535387042083
11310 5 10516975.374 11.6260482606904
11311 5 10524989.9473 11.597290224986
11312 5 10533004.5205 11.5672859198335
11313 5 10541019.0938 11.5360566679714
11314 5 10549033.667 11.5036237921381
11315 5 10557048.2402 11.4700086150719
11316 5 10565062.8135 11.4352324595113
11317 5 10573077.3867 11.3993166481947
11318 5 10581091.96 11.3622825038605
11319 5 10589106.5332 11.3241513492471
11320 5 10597121.1064 11.284944507093
11321 5 10605135.6797 11.2446833001364
11322 5 10613150.2529 11.203389051116
11323 5 10621164.8262 11.16108308277
11324 5 10629179.3994 11.1177867178369
11325 5 10637193.9727 11.0735212790551
11326 5 10645208.5459 11.028308089163
11327 5 10653223.1191 10.982168470899
11328 5 10661237.6924 10.9351237470016
11329 5 10669252.2656 10.8871952402091
11330 5 10677266.8389 10.8384042732599
11331 5 10685281.4121 10.7887721688926
11332 5 10693295.9854 10.7383202498454
11333 5 10701310.5586 10.6870698388567
11334 5 10709325.1318 10.6350422586651
11335 5 10717339.7051 10.582258832009
11336 5 10725354.2783 10.5287408816266
11337 5 10733368.8516 10.4745097302565
11338 5 10741383.4248 10.419586700637
14954 5 39722080.2686 10.425680046665
14955 5 39730094.8418 10.4566519223265
14956 5 39738109.415 10.4869595548667
14957 5 39746123.9883 10.5165885720512
14958 5 39754138.5615 10.5455246016454
14959 5 39762153.1348 10.5737532714149
14960 5 39770167.708 10.6012602091251
14961 5 39778182.2812 10.6280310425416
14962 5 39786196.8545 10.6540513994299
14963 5 39794211.4277 10.6793069075555
14964 5 39802226.001 10.7037831946839
14965 5 39810240.5742 10.7274658885806
14966 5 39818255.1475 10.7503406170111
14967 5 39826269.7207 10.772393007741
14968 5 39834284.2939 10.7936086885358
14969 5 39842298.8672 10.8139732871609
14970 5 39850313.4404 10.8334724313819
14971 5 39858328.0137 10.8520917489643
14972 5 39866342.5869 10.8698168676736
14973 5 39874357.1602 10.8866334152753
14974 5 39882371.7334 10.9025270195349
14975 5 39890386.3066 10.9174833082179
14976 5 39898400.8799 10.9314879090899
14977 5 39906415.4531 10.9445264499164
14978 5 39914430.0264 10.9565845584628
14979 5 39922444.5996 10.9676478624947
14980 5 39930459.1729 10.9777019897776
14981 5 39938473.7461 10.986732568077
14982 5 39946488.3193 10.9951433392799
14983 5 39954502.8926 11.003348177072
14984 5 39962517.4658 11.0113479069171
14985 5 39970532.0391 11.0191433542787
14986 5 39978546.6123 11.0267353446205
14987 5 39986561.1855 11.0341247034062
14988 5 39994575.7588 11.0413122560994
14989 5 40002590.332 11.0482988281639
14990 5 40010604.9053 11.0550852450632
14991 5 40018619.4785 11.0616723322611
14992 5 40026634.0518 11.0680609152211
14993 5 40034648.625 11.074251819407
14994 5 40042663.1982 11.0802458702824
14995 5 40050677.7715 11.0860438933109
14996 5 40058692.3447 11.0916467139563
14997 5 40066706.918 11.0970551576821
14998 5 40074721.4912 11.1022700499521
14999 5 40082736.0645 11.1072922162299
15000 5 40090750.6377 11.1121224819792
15001 5 40098765.2109 11.1167616726636
15002 5 40106779.7842 11.1212106137468
15003 5 40114794.3574 11.1254701306924
15004 5 40122808.9307 11.1295410489641
15005 5 40130823.5039 11.1334241940256
15006 5 40138838.0771 11.1371203913405
15007 5 40146852.6504 11.1406304663725
15008 5 40154867.2236 11.1439552445853
15009 5 40162881.7969 11.1470955514424
15010 5 40170896.3701 11.1500522124076
15011 5 40178910.9434 11.1528260529445
15012 5 40186925.5166 11.1554178985169
15013 5 40194940.0898 11.1578285745882
15014 5 40202954.6631 11.1600589066223
15015 5 40210969.2363 11.1621097200827
15016 5 40218983.8096 11.1639818404332
15017 5 40226998.3828 11.1656760931373
15018 5 40235012.9561 11.1671933036588
15019 5 40243027.5293 11.1685342974612
15020 5 40251042.1025 11.1696999000084
15021 5 40259056.6758 11.1706909367639
15022 5 40267071.249 11.1715082331913
15023 5 40275085.8223 11.1721526147544
15024 5 40283100.3955 11.1726249069168
15025 5 40291114.9688 11.1729259351422
15026 5 40299129.542 11.1730565248941
15027 5 40307144.1152 11.1730175016364
15028 5 40315158.6885 11.1728096908326
15029 5 40323173.2617 11.1724339179464
15030 5 40331187.835 11.1718910084415
15031 5 40339202.4082 11.1711817877815
15032 5 40347216.9814 11.1703070814301
15033 5 40355231.5547 11.1692677148509
15034 5 40363246.1279 11.1680645135076
15035 5 40371260.7012 11.1666983028639
15036 5 40379275.2744 11.1651699083834
15037 5 40387289.8477 11.1634801555298
15038 5 40395304.4209 11.1616298697667
15039 5 40403318.9941 11.1596198765579
15040 5 40411333.5674 11.1574510013669
15041 5 40419348.1406 11.1551240696574
15042 5 40427362.7139 11.1526399068931
15043 5 40435377.2871 11.1499993385376
15044 5 40443391.8604 11.1472031900547
15045 5 40451406.4336 11.1442522869079
15046 5 40459421.0068 11.1411474545609
15047 5 40467435.5801 11.1378895184774
15048 5 40475450.1533 11.1344793041211
15049 5 40483464.7266 11.1309176369556
15050 5 40491479.2998 11.1272053424445
15051 5 40499493.873 11.1233432460515
15052 5 40507508.4463 11.1193321732403
15053 5 40515523.0195 11.1151729494746
15054 5 40523537.5928 11.110866400218
15055 5 40531552.166 11.1064133509341
15056 5 40539566.7393 11.1018146270866
15057 5 40547581.3125 11.0970710541393
15058 5 40555595.8857 11.0921834575556
15059 5 40563610.459 11.0871526627994
15060 5 40571625.0322 11.0819794953342
15061 5 40579639.6055 11.0766647806238
15062 5 40587654.1787 11.0712093441317
15063 5 40595668.752 11.0656140113217
15064 5 40603683.3252 11.0598796076574
15065 5 40611697.8984 11.0540069586024
15066 5 40619712.4717 11.0479968896205
15067 5 40627727.0449 11.0418502261752
15068 5 40635741.6182 11.0355677937303
15069 5 40643756.1914 11.0291504177494
15070 5 40651770.7646 11.0225989236961
15071 5 40659785.3379 11.0159141370342
15072 5 40667799.9111 11.0090968832272
15073 5 40675814.4844 11.0021479877389
15074 5 40683829.0576 10.9950682760329
15075 5 40691843.6309 10.9878585735728
15076 5 40699858.2041 10.9805197058224
15077 5 40707872.7773 10.9730524982453
15078 5 40715887.3506 10.965457776305
15079 5 40723901.9238 10.9577363654654
15080 5 40731916.4971 10.9498890911901
15081 5 40739931.0703 10.9419167789426
15082 5 40747945.6436 10.9338202541868
15083 5 40755960.2168 10.9256003423862
15084 5 40763974.79 10.9172578690045
15085 5 40771989.3633 10.9087936595053
15086 5 40780003.9365 10.9002085393524
15087 5 40788018.5098 10.8915033340093
15088 5 40796033.083 10.8826788689398
15089 5 40804047.6562 10.8737359696075
15090 5 40812062.2295 10.864675461476
15091 5 40820076.8027 10.8554981700091
15092 5 40828091.376 10.8462049206703
15093 5 40836105.9492 10.8367965389234
15094 5 40844120.5225 10.827273850232
15095 5 40852135.0957 10.8176376800597
15096 5 40860149.6689 10.8078888538703
15097 5 40868164.2422 10.7980281971273
15098 5 40876178.8154 10.7880565352945
15099 5 40884193.3887 10.7779746938355
15100 5 40892207.9619 10.7677834982139
15101 5 40900222.5352 10.7574837738935
15102 5 40908237.1084 10.7470763463378
15103 5 40916251.6816 10.7365620410106
15104 5 40924266.2549 10.7259416833755
15105 5 40932280.8281 10.7152160988961
15106 5 40940295.4014 10.7043861130362
15107 5 40948309.9746 10.6934525512593
15108 5 40956324.5479 10.6824162390292
15109 5 40964339.1211 10.6707360183546
15110 5 40972353.6943 10.657881481951
15111 5 40980368.2676 10.6438695813418
15112 5 40988382.8408 10.6287172680506
15113 5 40996397.4141 10.6124414936008
15114 5 41004411.9873 10.5950592095159
15115 5 41012426.5605 10.5765873673195
15116 5 41020441.1338 10.5570429185351
15117 5 41028455.707 10.536442814686
15118 5 41036470.2803 10.5148040072959
15119 5 41044484.8535 10.4921434478883
15120 5 41052499.4268 10.4684780879866
15121 5 41060514 10.4438248791143
15122 5 41068528.5732 10.4182007727949
29786 6 84255079.7471 10.4145923709971
29787 6 84263689.4707 10.5390153607085
29788 6 84272299.1943 10.6627200398653
29789 6 84280908.918 10.7856641049878
29790 6 84289518.6416 10.9078052525961
29791 6 84298128.3652 11.0291011792104
29792 6 84306738.0889 11.1495095813509
29793 6 84315347.8125 11.2689881555378
29794 6 84323957.5361 11.3874945982913
29795 6 84332567.2598 11.5049866061314
29796 6 84341176.9834 11.6214218755785
29797 6 84349786.707 11.7367581031526
29798 6 84358396.4307 11.8509529853741
29799 6 84367006.1543 11.963964218763
29800 6 84375615.8779 12.0757494998395
29801 6 84384225.6016 12.1862665251238
29802 6 84392835.3252 12.2954729911362
29803 6 84401445.0488 12.4033265943967
29804 6 84410054.7725 12.5097850314256
29805 6 84418664.4961 12.614805998743
29806 6 84427274.2197 12.7183471928691
29807 6 84435883.9434 12.8203663103242
29808 6 84444493.667 12.9208210476283
29809 6 84453103.3906 13.0196691013017
29810 6 84461713.1143 13.1168681678645
29811 6 84470322.8379 13.212375943837
29812 6 84478932.5615 13.3061501257393
29813 6 84487542.2852 13.3981484100915
29814 6 84496152.0088 13.4883284934139
29815 6 84504761.7324 13.5766480722267
29816 6 84513371.4561 13.66306484305
29817 6 84521981.1797 13.747536502404
29818 6 84530590.9033 13.8300207468089
29819 6 84539200.627 13.9104752727849
29820 6 84547810.3506 13.9888577768522
29821 6 84556420.0742 14.0651259555308
29822 6 84565029.7979 14.1392375053411
29823 6 84573639.5215 14.2111501228032
29824 6 84582249.2451 14.2808215044373
29825 6 84590858.9688 14.3482093467635
29826 6 84599468.6924 14.413271346302
29827 6 84608078.416 14.4759651995731
29828 6 84616688.1396 14.5362486030969
29829 6 84625297.8633 14.5940792533936
29830 6 84633907.5869 14.6494148469833
29831 6 84642517.3105 14.7022130803863
29832 6 84651127.0342 14.7524316501227
29833 6 84659736.7578 14.8000282527127
29834 6 84668346.4814 14.8449605846765
29835 6 84676956.2051 14.8871863425343
29836 6 84685565.9287 14.9286100591056
29837 6 84694175.6523 14.9711497087447
29838 6 84702785.376 15.0147831502734
29839 6 84711395.0996 15.0594882425138
29840 6 84720004.8232 15.1052428442878
29841 6 84728614.5469 15.1520248144174
29842 6 84737224.2705 15.1998120117245
29843 6 84745833.9941 15.2485822950312
29844 6 84754443.7178 15.2983135231593
29845 6 84763053.4414 15.348983554931
29846 6 84771663.165 15.400570249168
29847 6 84780272.8887 15.4530514646924
29848 6 84788882.6123 15.5064050603262
29849 6 84797492.3359 15.5606088948913
29850 6 84806102.0596 15.6156408272097
29851 6 84814711.7832 15.6714787161033
29852 6 84823321.5068 15.7281004203942
29853 6 84831931.2305 15.7854837989043
29854 6 84840540.9541 15.8436067104555
29855 6 84849150.6777 15.9024470138699
29856 6 84857760.4014 15.9619825679694
29857 6 84866370.125 16.0221912315759
29858 6 84874979.8486 16.0830508635115
29859 6 84883589.5723 16.1445393225981
29860 6 84892199.2959 16.2066344676577
29861 6 84900809.0195 16.2693141575121
29862 6 84909418.7432 16.3325562509835
29863 6 84918028.4668 16.3963386068938
29864 6 84926638.1904 16.4606390840649
29865 6 84935247.9141 16.5254355413188
29866 6 84943857.6377 16.5907058374775
29867 6 84952467.3613 16.656427831363
29868 6 84961077.085 16.7225793817971
29869 6 84969686.8086 16.7891383476019
29870 6 84978296.5322 16.8560825875994
29871 6 84986906.2559 16.9233899606115
29872 6 84995515.9795 16.9910383254602
29873 6 85004125.7031 17.0590055409674
29874 6 85012735.4268 17.1272694659551
29875 6 85021345.1504 17.1958079592454
29876 6 85029954.874 17.26459887966
29877 6 85038564.5977 17.3336200860211
29878 6 85047174.3213 17.4028494371506
29879 6 85055784.0449 17.4722647918705
29880 6 85064393.7686 17.5418440090026
29881 6 85073003.4922 17.6115649473691
29882 6 85081613.2158 17.6814054657918
29883 6 85090222.9395 17.7513434230927
29884 6 85098832.6631 17.8213566780939
29885 6 85107442.3867 17.8914230896172
29886 6 85116052.1104 17.9615205164846
29887 6 85124661.834 18.0316268175181
29888 6 85133271.5576 18.1017198515397
29889 6 85141881.2812 18.1717774773713
29890 6 85150491.0049 18.241777553835
29891 6 85159100.7285 18.3116979397525
29892 6 85167710.4521 18.3815164939461
29893 6 85176320.1758 18.4512110752375
29894 6 85184929.8994 18.5207595424488
29895 6 85193539.623 18.5901397544019
29896 6 85202149.3467 18.6593295699189
29897 6 85210759.0703 18.7283068478216
29898 6 85219368.7939 18.7970494469321
29899 6 85227978.5176 18.8655352260722
29900 6 85236588.2412 18.9337420440641
29901 6 85245197.9648 19.0016477597296
29902 6 85253807.6885 19.0692302318907
29903 6 85262417.4121 19.1364673193693
29904 6 85271027.1357 19.2033368809876
29905 6 85279636.8594 19.2698167755673
29906 6 85288246.583 19.3358848619305
29907 6 85296856.3066 19.4015189988992
29908 6 85305466.0303 19.4666970452953
29909 6 85314075.7539 19.5313968599408
29910 6 85322685.4775 19.5955963016576
29911 6 85331295.2012 19.6592732292678
29912 6 85339904.9248 19.7224055015932
29913 6 85348514.6484 19.7849709774559
29914 6 85357124.3721 19.8469475156778
29915 6 85365734.0957 19.9083129750809
29916 6 85374343.8193 19.9690452144872
29917 6 85382953.543 20.0291220927186
29918 6 85391563.2666 20.0885214685971
29919 6 85400172.9902 20.1472212009447
29920 6 85408782.7139 20.2051991485833
29921 6 85417392.4375 20.2624331703349
29922 6 85426002.1611 20.3189011250214
29923 6 85434611.8848 20.3745808714649
29924 6 85443221.6084 20.4294502684873
29925 6 85451831.332 20.4834871749105
29926 6 85460441.0557 20.5366694495566
29927 6 85469050.7793 20.5889749512475
29928 6 85477660.5029 20.6403815388052
29929 6 85486270.2266 20.6908670710516
29930 6 85494879.9502 20.7404094068087
29931 6 85503489.6738 20.7889864048985
29932 6 85512099.3975 20.8365759241429
29933 6 85520709.1211 20.883155823364
29934 6 85529318.8447 20.9287039613836
29935 6 85537928.5684 20.9731981970238
29936 6 85546538.292 21.0166163891064
29937 6 85555148.0156 21.0589363964536
29938 6 85563757.7393 21.1001360778872
29939 6 85572367.4629 21.1401932922292
29940 6 85580977.1865 21.1790858983016
29941 6 85589586.9102 21.2167917549264
29942 6 85598196.6338 21.2532887209254
29943 6 85606806.3574 21.2885546551208
29944 6 85615416.0811 21.3225674163344
29945 6 85624025.8047 21.3553048633882
29946 6 85632635.5283 21.3867448551043
29947 6 85641245.252 21.4168652503044
29948 6 85649854.9756 21.4456439078107
29949 6 85658464.6992 21.4730586864451
29950 6 85667074.4229 21.4990874450296
29951 6 85675684.1465 21.5237080423861
29952 6 85684293.8701 21.5468983373366
29953 6 85692903.5938 21.568636188703
29954 6 85701513.3174 21.5888994553074
29955 6 85710123.041 21.6076659959717
29956 6 85718732.7646 21.6249136695178
29957 6 85727342.4883 21.6406203347678
29958 6 85735952.2119 21.6547638505436
29959 6 85744561.9355 21.6673220756671
29960 6 85753171.6592 21.6782728689604
29961 6 85761781.3828 21.6875940892454
29962 6 85770391.1064 21.695263595344
29963 6 85779000.8301 21.7017360244443
29964 6 85787610.5537 21.7074854003284
29965 6 85796220.2773 21.7125186617099
29966 6 85804830.001 21.7168427473024
29967 6 85813439.7246 21.7204645958193
29968 6 85822049.4482 21.7233911459743
29969 6 85830659.1719 21.7256293364808
29970 6 85839268.8955 21.7271861060525
29971 6 85847878.6191 21.7280683934027
29972 6 85856488.3428 21.7282831372452
29973 6 85865098.0664 21.7278372762933
29974 6 85873707.79 21.7267377492607
29975 6 85882317.5137 21.7249914948609
29976 6 85890927.2373 21.7226054518074
29977 6 85899536.9609 21.7195865588138
29978 6 85908146.6846 21.7159417545936
29979 6 85916756.4082 21.7116779778603
29980 6 85925366.1318 21.7068021673274
29981 6 85933975.8555 21.7013212617086
29982 6 85942585.5791 21.6952421997174
29983 6 85951195.3027 21.6885719200672
29984 6 85959805.0264 21.6813173614716
29985 6 85968414.75 21.6734854626442
29986 6 85977024.4736 21.6650831622986
29987 6 85985634.1973 21.6561173991481
29988 6 85994243.9209 21.6465951119064
29989 6 86002853.6445 21.636523239287
29990 6 86011463.3682 21.6259087200035
29991 6 86020073.0918 21.6147584927694
29992 6 86028682.8154 21.6030794962982
29993 6 86037292.5391 21.5908786693034
29994 6 86045902.2627 21.5781629504987
29995 6 86054511.9863 21.5649392785975
29996 6 86063121.71 21.5512145923134
29997 6 86071731.4336 21.5369958303598
29998 6 86080341.1572 21.5222899314505
29999 6 86088950.8809 21.5071038342988
30000 6 86097560 21.4914444776183
30001 7 69 21.4753188001226
30002 7 4828.063 21.4587337405253
30003 7 9587.126 21.4416962375397
30004 7 14346.189 21.4242132298795
30005 7 19105.252 21.4062916562583
30006 7 23864.3149 21.3879384553894
30007 7 28623.3779 21.3691605659866
30008 7 33382.4409 21.3499649267633
30009 7 38141.5039 21.3303584764331
30010 7 42900.5669 21.3103481537095
30011 7 47659.6299 21.289940897306
30012 7 52418.6929 21.2691436459362
30013 7 57177.7559 21.2479633383136
30014 7 61936.8188 21.2264069131517
30015 7 66695.8818 21.2044813091641
30016 7 71454.9448 21.1821934650644
30017 7 76214.0078 21.1595503195661
30018 7 80973.0708 21.1365588113826
30019 7 85732.1338 21.1132258792276
30020 7 90491.1968 21.0895584618145
30021 7 95250.2598 21.065563497857
30022 7 100009.3228 21.0412479260685
30023 7 104768.3857 21.0166186851626
30024 7 109527.4487 20.9916827138529
30025 7 114286.5117 20.9664469508528
30026 7 119045.5747 20.9409183348759
30027 7 123804.6377 20.9151038046357
30028 7 128563.7007 20.8890102988459
30029 7 133322.7637 20.8626447562198
30030 7 138081.8267 20.8360141154711
30031 7 142840.8896 20.8091253153133
30032 7 147599.9526 20.7819852944599
30033 7 152359.0156 20.7546009916245
30034 7 157118.0786 20.7269793455206
30035 7 161877.1416 20.6991272948617
30036 7 166636.2046 20.6710517783614
30037 7 171395.2676 20.6427597347332
30038 7 176154.3306 20.6142581026907
30039 7 180913.3936 20.5855538209474
30040 7 185672.4565 20.5566538282168
30041 7 190431.5195 20.5275650632125
30042 7 195190.5825 20.4982944646479
30043 7 199949.6455 20.4688489712368
30044 7 204708.7085 20.4392355216925
30045 7 209467.7715 20.4094610547286
30046 7 214226.8345 20.3795325090587
30047 7 218985.8975 20.3494568233962
30048 7 223744.9604 20.3192409364548
30049 7 228504.0234 20.288891786948
30050 7 233263.0864 20.2584163135892
30051 7 238022.1494 20.2278214550922
30052 7 242781.2124 20.1971141501703
30053 7 247540.2754 20.1663013375371
30054 7 252299.3384 20.1353899559061
30055 7 257058.4014 20.104386943991
30056 7 261817.4644 20.0732992405052
30057 7 266576.5273 20.0421337841622
30058 7 271335.5903 20.0108975136757
30059 7 276094.6533 19.9795973677591
30060 7 280853.7163 19.948240285126
30061 7 285612.7793 19.9168332044899
30062 7 290371.8423 19.8853830645644
30063 7 295130.9053 19.853896804063
30064 7 299889.9683 19.8223813616992
30065 7 304649.0312 19.7908436761865
30066 7 309408.0942 19.7592906862386
30067 7 314167.1572 19.7277293305689
30068 7 318926.2202 19.696166547891
30069 7 323685.2832 19.6646092769185
30070 7 328444.3462 19.6330644563647
30071 7 333203.4092 19.6015390249434
30072 7 337962.4722 19.570039921368
30073 7 342721.5352 19.5385740843521
30074 7 347480.5981 19.5071484526092
30075 7 352239.6611 19.4757699648528
30076 7 356998.7241 19.4444455597965
30077 7 361757.7871 19.4131821761539
30078 7 366516.8501 19.3819867526384
30079 7 371275.9131 19.3508662279636
30080 7 376034.9761 19.319827540843
30081 7 380794.0391 19.2888776299902
30082 7 385553.1021 19.2580234341187
30083 7 390312.165 19.227271891942
30084 7 395071.228 19.1966299421738
30085 7 399830.291 19.1661045235274
30086 7 404589.354 19.1357025747166
30087 7 409348.417 19.1054310344547
30088 7 414107.48 19.0752968414553
30089 7 418866.543 19.0453069344321
30090 7 423625.606 19.0140467781334
30091 7 428384.6689 18.9801236384942
30092 7 433143.7319 18.9435771560076
30093 7 437902.7949 18.9044469711666
30094 7 442661.8579 18.8627727244643
30095 7 447420.9209 18.8185940563936
30096 7 452179.9839 18.7719506074478
30097 7 456939.0469 18.7228820181197
30098 7 461698.1099 18.6714279289025
30099 7 466457.1729 18.6176279802892
30100 7 471216.2358 18.5615218127729
30101 7 475975.2988 18.5031490668466
30102 7 480734.3618 18.4425493830033
30103 7 485493.4248 18.3797624017362
30104 7 490252.4878 18.3148277635383
30105 7 495011.5508 18.2477851089026
30106 7 499770.6138 18.1786740783221
30107 7 504529.6768 18.10753431229
30108 7 509288.7397 18.0344054512993
30109 7 514047.8027 17.959327135843
30110 7 518806.8657 17.8823390064142
30111 7 523565.9287 17.8034807035059
30112 7 528324.9917 17.7227918676112
30113 7 533084.0547 17.6403121392232
30114 7 537843.1177 17.5560811588348
30115 7 542602.1807 17.4701385669392
30116 7 547361.2437 17.3825240040294
30117 7 552120.3066 17.2932771105984
30118 7 556879.3696 17.2024375271393
30119 7 561638.4326 17.1100448941452
30120 7 566397.4956 17.0161388521091
30121 7 571156.5586 16.920759041524
30122 7 575915.6216 16.823945102883
30123 7 580674.6846 16.7257366766792
30124 7 585433.7476 16.6261734034056
30125 7 590192.8105 16.5252949235552
30126 7 594951.8735 16.4231408776212
30127 7 599710.9365 16.3197509060965
30128 7 604469.9995 16.2151646494742
30129 7 609229.0625 16.1094217482474
30130 7 613988.1255 16.0025618429091
30131 7 618747.1885 15.8946245739524
30132 7 623506.2515 15.7856495818703
30133 7 628265.3145 15.6756765071559
30134 7 633024.3774 15.5647449903022
30135 7 637783.4404 15.4528946718023
30136 7 642542.5034 15.3401651921492
30137 7 647301.5664 15.226596191836
30138 7 652060.6294 15.1122273113557
30139 7 656819.6924 14.9970981912014
30140 7 661578.7554 14.8812484718661
30141 7 666337.8184 14.7647177938429
30142 7 671096.8813 14.6475457976249
30143 7 675855.9443 14.529772123705
30144 7 680615.0073 14.4114364125764
30145 7 685374.0703 14.2925783047321
30146 7 690133.1333 14.1732374406651
30147 7 694892.1963 14.0534534608686
30148 7 699651.2593 13.9332660058354
30149 7 704410.3223 13.8127147160588
30150 7 709169.3853 13.6918392320317
30151 7 713928.4482 13.5706791942472
30152 7 718687.5112 13.4492742431984
30153 7 723446.5742 13.3276640193783
30154 7 728205.6372 13.2058881632799
30155 7 732964.7002 13.0839863153964
30156 7 737723.7632 12.9619981162207
30157 7 742482.8262 12.8399632062459
30158 7 747241.8892 12.7179212259651
30159 7 752000.9521 12.5959118158713
30160 7 756760.0151 12.4739746164576
30161 7 761519.0781 12.352149268217
30162 7 766278.1411 12.2304754116425
30163 7 771037.2041 12.1089926872273
30164 7 775796.2671 11.9877407354644
30165 7 780555.3301 11.8667591968468
30166 7 785314.3931 11.7460877118675
30167 7 790073.4561 11.6257659210197
30168 7 794832.519 11.5058334647964
30169 7 799591.582 11.3863299836906
30170 7 804350.645 11.2672951181954
30171 7 809109.708 11.1487685088039
30172 7 813868.771 11.030789796009
30173 7 818627.834 10.9133986203039
30174 7 823386.897 10.7966346221815
30175 7 828145.96 10.680537442135
30176 7 832905.0229 10.5651467206574
30177 7 837664.0859 10.4505020982417
54307 9 22586342.5088 10.4325490061629
54308 9 22591587.5874 10.4671443591112
54309 9 22596832.666 10.5011008323036
54310 9 22602077.7446 10.5344035147288
54311 9 22607322.8232 10.5670374953756
54312 9 22612567.9019 10.5989878632328
54313 9 22617812.9805 10.630239707289
54314 9 22623058.0591 10.6607781165331
54315 9 22628303.1377 10.6905881799538
54316 9 22633548.2163 10.7196549865397
54317 9 22638793.2949 10.7479636252798
54318 9 22644038.3735 10.7754991851627
54319 9 22649283.4521 10.8022467551772
54320 9 22654528.5308 10.828191424312
54321 9 22659773.6094 10.8533182815559
54322 9 22665018.688 10.8776124158976
54323 9 22670263.7666 10.9010589163258
54324 9 22675508.8452 10.9236428718294
54325 9 22680753.9238 10.945349371397
54326 9 22685999.0024 10.9661635040174
54327 9 22691244.0811 10.9860703586794
54328 9 22696489.1597 11.0050550243717
54329 9 22701734.2383 11.0231025900831
54330 9 22706979.3169 11.0401981448022
54331 9 22712224.3955 11.0563267775179
54332 9 22717469.4741 11.0714735772189
54333 9 22722714.5527 11.0856236328939
54334 9 22727959.6313 11.0987620335317
54335 9 22733204.71 11.1108738681211
54336 9 22738449.7886 11.1219442256507
54337 9 22743694.8672 11.1319581951094
54338 9 22748939.9458 11.1412879697112
54339 9 22754185.0244 11.1503174440797
54340 9 22759430.103 11.1590492593179
54341 9 22764675.1816 11.1674860565286
54342 9 22769920.2603 11.1756304768148
54343 9 22775165.3389 11.1834851612795
54344 9 22780410.4175 11.1910527510256
54345 9 22785655.4961 11.198335887156
54346 9 22790900.5747 11.2053372107736
54347 9 22796145.6533 11.2120593629814
54348 9 22801390.7319 11.2185049848823
54349 9 22806635.8105 11.2246767175792
54350 9 22811880.8892 11.2305772021752
54351 9 22817125.9678 11.236209079773
54352 9 22822371.0464 11.2415749914757
54353 9 22827616.125 11.2466775783862
54354 9 22832861.2036 11.2515194816074
54355 9 22838106.2822 11.2561033422422
54356 9 22843351.3608 11.2604318013936
54357 9 22848596.4395 11.2645075001646
54358 9 22853841.5181 11.268333079658
54359 9 22859086.5967 11.2719111809767
54360 9 22864331.6753 11.2752444452238
54361 9 22869576.7539 11.2783355135022
54362 9 22874821.8325 11.2811870269147
54363 9 22880066.9111 11.2838016265643
54364 9 22885311.9897 11.2861819535541
54365 9 22890557.0684 11.2883306489867
54366 9 22895802.147 11.2902503539654
54367 9 22901047.2256 11.2919437095928
54368 9 22906292.3042 11.2934133569721
54369 9 22911537.3828 11.2946619372061
54370 9 22916782.4614 11.2956920913977
54371 9 22922027.54 11.29650646065
54372 9 22927272.6187 11.2971076860657
54373 9 22932517.6973 11.2974984087479
54374 9 22937762.7759 11.2976812697995
54375 9 22943007.8545 11.2976589103235
54376 9 22948252.9331 11.2974339714227
54377 9 22953498.0117 11.2970090942001
54378 9 22958743.0903 11.2963869197586
54379 9 22963988.1689 11.2955700892012
54380 9 22969233.2476 11.2945612436308
54381 9 22974478.3262 11.2933630241503
54382 9 22979723.4048 11.2919780718626
54383 9 22984968.4834 11.2904090278708
54384 9 22990213.562 11.2886585332777
54385 9 22995458.6406 11.2867292291863
54386 9 23000703.7192 11.2846237566994
54387 9 23005948.7979 11.2823447569201
54388 9 23011193.8765 11.2798948709513
54389 9 23016438.9551 11.2772767398959
54390 9 23021684.0337 11.2744930048568
54391 9 23026929.1123 11.271546306937
54392 9 23032174.1909 11.2684392872393
54393 9 23037419.2695 11.2651745868669
54394 9 23042664.3481 11.2617548469224
54395 9 23047909.4268 11.258182708509
54396 9 23053154.5054 11.2544608127295
54397 9 23058399.584 11.2505918006869
54398 9 23063644.6626 11.2465783134842
54399 9 23068889.7412 11.2424229922241
54400 9 23074134.8198 11.2381284780097
54401 9 23079379.8984 11.2336974119439
54402 9 23084624.9771 11.2291324351297
54403 9 23089870.0557 11.22443618867
54404 9 23095115.1343 11.2196113136676
54405 9 23100360.2129 11.2146604512256
54406 9 23105605.2915 11.2095862424469
54407 9 23110850.3701 11.2043913284344
54408 9 23116095.4487 11.199078350291
54409 9 23121340.5273 11.1936499491197
54410 9 23126585.606 11.1881087660234
54411 9 23131830.6846 11.1824574421051
54412 9 23137075.7632 11.1766986184676
54413 9 23142320.8418 11.170834936214
54414 9 23147565.9204 11.1648690364471
54415 9 23152810.999 11.1588035602699
54416 9 23158056.0776 11.1526411487853
54417 9 23163301.1562 11.1463844430963
54418 9 23168546.2349 11.1400360843057
54419 9 23173791.3135 11.1335987135166
54420 9 23179036.3921 11.1270749718318
54421 9 23184281.4707 11.1204675003543
54422 9 23189526.5493 11.113778940187
54423 9 23194771.6279 11.1070119324329
54424 9 23200016.7065 11.1001691181948
54425 9 23205261.7852 11.0932531385758
54426 9 23210506.8638 11.0862666346787
54427 9 23215751.9424 11.0792122476065
54428 9 23220997.021 11.0720926184622
54429 9 23226242.0996 11.0649103883486
54430 9 23231487.1782 11.0576681983687
54431 9 23236732.2568 11.0503686896254
54432 9 23241977.3354 11.0430145032217
54433 9 23247222.4141 11.0356082802604
54434 9 23252467.4927 11.0281526618446
54435 9 23257712.5713 11.0206502890772
54436 9 23262957.6499 11.013103803061
54437 9 23268202.7285 11.0055158448991
54438 9 23273447.8071 10.9978890556943
54439 9 23278692.8857 10.9902260765496
54440 9 23283937.9644 10.982529548568
54441 9 23289183.043 10.9748021128523
54442 9 23294428.1216 10.9670464105055
54443 9 23299673.2002 10.9592650826306
54444 9 23304918.2788 10.9514607703304
54445 9 23310163.3574 10.9436361147079
54446 9 23315408.436 10.935793756866
54447 9 23320653.5146 10.9279363379078
54448 9 23325898.5933 10.920066498936
54449 9 23331143.6719 10.9121868810536
54450 9 23336388.7505 10.9043001253636
54451 9 23341633.8291 10.8964088729689
54452 9 23346878.9077 10.8885157649725
54453 9 23352123.9863 10.8806234424772
54454 9 23357369.0649 10.872734546586
54455 9 23362614.1436 10.8648517184019
54456 9 23367859.2222 10.8569775990277
54457 9 23373104.3008 10.8491148295665
54458 9 23378349.3794 10.841266051121
54459 9 23383594.458 10.8334339047944
54460 9 23388839.5366 10.8256210316894
54461 9 23394084.6152 10.8178300729091
54462 9 23399329.6938 10.8100636695564
54463 9 23404574.7725 10.8023244627342
54464 9 23409819.8511 10.7946150935454
54465 9 23415064.9297 10.7863913524791
54466 9 23420310.0083 10.7771172111307
54467 9 23425555.0869 10.7668075822624
54468 9 23430800.1655 10.7554773786367
54469 9 23436045.2441 10.7431415130158
54470 9 23441290.3228 10.7298148981622
54471 9 23446535.4014 10.7155124468382
54472 9 23451780.48 10.7002490718061
54473 9 23457025.5586 10.6840396858282
54474 9 23462270.6372 10.6668992016671
54475 9 23467515.7158 10.6488425320849
54476 9 23472760.7944 10.6298845898441
54477 9 23478005.873 10.6100402877069
54478 9 23483250.9517 10.5893245384359
54479 9 23488496.0303 10.5677522547932
54480 9 23493741.1089 10.5453383495412
54481 9 23498986.1875 10.5220977354424
54482 9 23504231.2661 10.498045325259
54483 9 23509476.3447 10.4731960317534
54484 9 23514721.4233 10.447564767688
54485 9 23519966.502 10.4211664458251
65329 10 33162815.4531 10.423536693412
65330 10 33169033.8447 10.4553956092166
65331 10 33175252.2363 10.4869907821712
65332 10 33181470.6279 10.5183118323488
65333 10 33187689.0195 10.5493483798223
65334 10 33193907.4111 10.5800900446648
65335 10 33200125.8027 10.6105264469493
65336 10 33206344.1943 10.6406472067486
65337 10 33212562.5859 10.6704419441359
65338 10 33218780.9775 10.6999002791841
65339 10 33224999.3691 10.7290118319662
65340 10 33231217.7607 10.7577662225551
65341 10 33237436.1523 10.7861530710238
65342 10 33243654.5439 10.8141619974454
65343 10 33249872.9355 10.8417826218928
65344 10 33256091.3271 10.8690045644391
65345 10 33262309.7188 10.8958174451571
65346 10 33268528.1104 10.9222108841198
65347 10 33274746.502 10.9481745014004
65348 10 33280964.8936 10.9736979170716
65349 10 33287183.2852 10.9987707512066
65350 10 33293401.6768 11.0233826238784
65351 10 33299620.0684 11.0475231551598
65352 10 33305838.46 11.0711819651239
65353 10 33312056.8516 11.0943486738436
65354 10 33318275.2432 11.1170129013921
65355 10 33324493.6348 11.1391642678421
65356 10 33330712.0264 11.1607923932668
65357 10 33336930.418 11.1818868977391
65358 10 33343148.8096 11.202437401332
65359 10 33349367.2012 11.2224335241184
65360 10 33355585.5928 11.2418648861714
65361 10 33361803.9844 11.260721107564
65362 10 33368022.376 11.2789918083691
65363 10 33374240.7676 11.2966666086597
65364 10 33380459.1592 11.3137351285088
65365 10 33386677.5508 11.3301869879894
65366 10 33392895.9424 11.3460118071745
65367 10 33399114.334 11.361199206137
65368 10 33405332.7256 11.37573880495
65369 10 33411551.1172 11.3896202236864
65370 10 33417769.5088 11.4028330824192
65371 10 33423987.9004 11.4153670012214
65372 10 33430206.292 11.427211600166
65373 10 33436424.6836 11.438356499326
65374 10 33442643.0752 11.4487913187743
65375 10 33448861.4668 11.4585056785839
65376 10 33455079.8584 11.4674891988279
65377 10 33461298.25 11.4757314995792
65378 10 33467516.6416 11.4832222009108
65379 10 33473735.0332 11.4899509228956
65380 10 33479953.4248 11.4959072856067
65381 10 33486171.8164 11.5010809091171
65382 10 33492390.208 11.5056259661203
65383 10 33498608.5996 11.5097068536929
65384 10 33504826.9912 11.513328528482
65385 10 33511045.3828 11.5164959471346
65386 10 33517263.7744 11.519214066298
65387 10 33523482.166 11.5214878426192
65388 10 33529700.5576 11.5233222327454
65389 10 33535918.9492 11.5247221933237
65390 10 33542137.3408 11.5256926810012
65391 10 33548355.7324 11.5262386524252
65392 10 33554574.124 11.5263650642426
65393 10 33560792.5156 11.5260768731006
65394 10 33567010.9072 11.5253790356464
65395 10 33573229.2988 11.5242765085271
65396 10 33579447.6904 11.5227742483897
65397 10 33585666.082 11.5208772118816
65398 10 33591884.4736 11.5185903556497
65399 10 33598102.8652 11.5159186363412
65400 10 33604321.2568 11.5128670106032
65401 10 33610539.6484 11.5094404350829
65402 10 33616758.04 11.5056438664274
65403 10 33622976.4316 11.5014822612839
65404 10 33629194.8232 11.4969605762993
65405 10 33635413.2148 11.492083768121
65406 10 33641631.6064 11.4868567933959
65407 10 33647849.998 11.4812846087713
65408 10 33654068.3896 11.4753721708943
65409 10 33660286.7812 11.469124436412
65410 10 33666505.1729 11.4625463619715
65411 10 33672723.5645 11.4556429042199
65412 10 33678941.9561 11.4484190198045
65413 10 33685160.3477 11.4408796653722
65414 10 33691378.7393 11.4330297975704
65415 10 33697597.1309 11.4248743730459
65416 10 33703815.5225 11.4164183484461
65417 10 33710033.9141 11.407666680418
65418 10 33716252.3057 11.3986243256088
65419 10 33722470.6973 11.3892962406656
65420 10 33728689.0889 11.3796873822355
65421 10 33734907.4805 11.3698027069657
65422 10 33741125.8721 11.3596471715032
65423 10 33747344.2637 11.3492257324953
65424 10 33753562.6553 11.338543346589
65425 10 33759781.0469 11.3276049704314
65426 10 33765999.4385 11.3164155606698
65427 10 33772217.8301 11.3049800739512
65428 10 33778436.2217 11.2933034669227
65429 10 33784654.6133 11.2813906962316
65430 10 33790873.0049 11.2692467185248
65431 10 33797091.3965 11.2568764904497
65432 10 33803309.7881 11.2442849686531
65433 10 33809528.1797 11.2314771097824
65434 10 33815746.5713 11.2184578704847
65435 10 33821964.9629 11.205232207407
65436 10 33828183.3545 11.1918050771965
65437 10 33834401.7461 11.1781814365003
65438 10 33840620.1377 11.1643662419656
65439 10 33846838.5293 11.1503644502394
65440 10 33853056.9209 11.136181017969
65441 10 33859275.3125 11.1218209018014
65442 10 33865493.7041 11.1072890583838
65443 10 33871712.0957 11.0925904443633
65444 10 33877930.4873 11.077730016387
65445 10 33884148.8789 11.0627127311021
65446 10 33890367.2705 11.0475435451557
65447 10 33896585.6621 11.0322274151948
65448 10 33902804.0537 11.0167692978668
65449 10 33909022.4453 11.0011741498186
65450 10 33915240.8369 10.9854469276974
65451 10 33921459.2285 10.9695925881504
65452 10 33927677.6201 10.9536160878246
65453 10 33933896.0117 10.9375223833673
65454 10 33940114.4033 10.9213164314254
65455 10 33946332.7949 10.9050031886463
65456 10 33952551.1865 10.8885876116769
65457 10 33958769.5781 10.8720746571644
65458 10 33964987.9697 10.855469281756
65459 10 33971206.3613 10.8387764420987
65460 10 33977424.7529 10.8220010948397
65461 10 33983643.1445 10.8051481966262
65462 10 33989861.5361 10.7882227041053
65463 10 33996079.9277 10.771229573924
65464 10 34002298.3193 10.7541737627295
65465 10 34008516.7109 10.737060227169
65466 10 34014735.1025 10.7198939238896
65467 10 34020953.4941 10.7026798095384
65468 10 34027171.8857 10.6854228407626
65469 10 34033390.2773 10.6681279742092
65470 10 34039608.6689 10.6508001665254
65471 10 34045827.0605 10.6334443743583
65472 10 34052045.4521 10.6160655543551
65473 10 34058263.8438 10.5986686631629
65474 10 34064482.2354 10.5812586574288
65475 10 34070700.627 10.5638404937999
65476 10 34076919.0186 10.5464191289234
65477 10 34083137.4102 10.5289995194465
65478 10 34089355.8018 10.5115866220161
65479 10 34095574.1934 10.4941853932796
65480 10 34101792.585 10.4768007898839
65481 10 34108010.9766 10.4594377684762
65482 10 34114229.3682 10.4421012857037
65483 10 34120447.7598 10.4247962982135
65484 10 34126666.1514 10.4075277626527
74802 11 23416735.4233 10.4092704148478
74803 11 23421612.8154 10.4337611374558
74804 11 23426490.2075 10.4585290898949
74805 11 23431367.5996 10.4835630498953
74806 11 23436244.9917 10.5088517951878
74807 11 23441122.3838 10.5343841035027
74808 11 23445999.7759 10.5601487525705
74809 11 23450877.168 10.5861345201219
74810 11 23455754.5601 10.6123301838873
74811 11 23460631.9521 10.6387245215972
74812 11 23465509.3442 10.6653063109822
74813 11 23470386.7363 10.6920643297727
74814 11 23475264.1284 10.7189873556992
74815 11 23480141.5205 10.7460641664923
74816 11 23485018.9126 10.7732835398825
74817 11 23489896.3047 10.8006342536002
74818 11 23494773.6968 10.8281050853761
74819 11 23499651.0889 10.8556848129405
74820 11 23504528.481 10.8833622140241
74821 11 23509405.873 10.9111260663573
74822 11 23514283.2651 10.9389651476707
74823 11 23519160.6572 10.9668682356947
74824 11 23524038.0493 10.9948241081599
74825 11 23528915.4414 11.0228215427967
74826 11 23533792.8335 11.0508493173358
74827 11 23538670.2256 11.0788962095075
74828 11 23543547.6177 11.1069509970424
74829 11 23548425.0098 11.1350024576711
74830 11 23553302.4019 11.163039369124
74831 11 23558179.7939 11.1910505091316
74832 11 23563057.186 11.2190246554245
74833 11 23567934.5781 11.2469505857332
74834 11 23572811.9702 11.2748170777881
74835 11 23577689.3623 11.3026129093198
74836 11 23582566.7544 11.3303268580589
74837 11 23587444.1465 11.3579477017357
74838 11 23592321.5386 11.3854642180808
74839 11 23597198.9307 11.4128651848248
74840 11 23602076.3228 11.4401393796981
74841 11 23606953.7148 11.4672755804313
74842 11 23611831.1069 11.4942625647549
74843 11 23616708.499 11.5210891103993
74844 11 23621585.8911 11.5477439950951
74845 11 23626463.2832 11.5742159965728
74846 11 23631340.6753 11.6004938925629
74847 11 23636218.0674 11.6265664607959
74848 11 23641095.4595 11.6524224790024
74849 11 23645972.8516 11.6780507249128
74850 11 23650850.2437 11.7034399762577
74851 11 23655727.6357 11.7285790107675
74852 11 23660605.0278 11.7534566061728
74853 11 23665482.4199 11.7780615402041
74854 11 23670359.812 11.8023825905919
74855 11 23675237.2041 11.8264085350667
74856 11 23680114.5962 11.8501281513591
74857 11 23684991.9883 11.8735302171994
74858 11 23689869.3804 11.8966035103184
74859 11 23694746.7725 11.9193368084463
74860 11 23699624.1646 11.9417188893139
74861 11 23704501.5566 11.9637385306515
74862 11 23709378.9487 11.9853845101897
74863 11 23714256.3408 12.006645605659
74864 11 23719133.7329 12.0275105947899
74865 11 23724011.125 12.0479682553129
74866 11 23728888.5171 12.0680073649586
74867 11 23733765.9092 12.0876167014574
74868 11 23738643.3013 12.1067850425399
74869 11 23743520.6934 12.1255011659365
74870 11 23748398.0854 12.1437538493778
74871 11 23753275.4775 12.1615318705943
74872 11 23758152.8696 12.1788240073165
74873 11 23763030.2617 12.1956190372749
74874 11 23767907.6538 12.2119057382001
74875 11 23772785.0459 12.2276728878224
74876 11 23777662.438 12.2429092638726
74877 11 23782539.8301 12.2576036440809
74878 11 23787417.2222 12.2717448061781
74879 11 23792294.6143 12.2853215278945
74880 11 23797172.0063 12.2983225869607
74881 11 23802049.3984 12.3107367611072
74882 11 23806926.7905 12.3225528280646
74883 11 23811804.1826 12.3337595655632
74884 11 23816681.5747 12.3443457513337
74885 11 23821558.9668 12.3543001631065
74886 11 23826436.3589 12.3636115786122
74887 11 23831313.751 12.3722687755813
74888 11 23836191.1431 12.3802605317442
74889 11 23841068.5352 12.3875756248316
74890 11 23845945.9272 12.3942028325738
74891 11 23850823.3193 12.4001309327014
74892 11 23855700.7114 12.405348702945
74893 11 23860578.1035 12.409844921035
74894 11 23865455.4956 12.413608364702
74895 11 23870332.8877 12.4166278116764
74896 11 23875210.2798 12.4188920396888
74897 11 23880087.6719 12.4203898264696
74898 11 23884965.064 12.4211099497495
74899 11 23889842.4561 12.4210411872588
74900 11 23894719.8481 12.4201723167282
74901 11 23899597.2402 12.4184921158881
74902 11 23904474.6323 12.415989362469
74903 11 23909352.0244 12.4126528342015
74904 11 23914229.4165 12.4084298784358
74905 11 23919106.8086 12.4032835425909
74906 11 23923984.2007 12.3972261545
74907 11 23928861.5928 12.3902700419964
74908 11 23933738.9849 12.3824275329136
74909 11 23938616.377 12.3737109550848
74910 11 23943493.769 12.3641326363433
74911 11 23948371.1611 12.3537049045225
74912 11 23953248.5532 12.3424400874558
74913 11 23958125.9453 12.3303505129764
74914 11 23963003.3374 12.3174485089176
74915 11 23967880.7295 12.3037464031129
74916 11 23972758.1216 12.2892565233955
74917 11 23977635.5137 12.2739911975987
74918 11 23982512.9058 12.257962753556
74919 11 23987390.2979 12.2411835191005
74920 11 23992267.6899 12.2236658220657
74921 11 23997145.082 12.2054219902849
74922 11 24002022.4741 12.1864643515914
74923 11 24006899.8662 12.1668052338185
74924 11 24011777.2583 12.1464569647996
74925 11 24016654.6504 12.125431872368
74926 11 24021532.0425 12.103742284357
74927 11 24026409.4346 12.0814005286
74928 11 24031286.8267 12.0584189329302
74929 11 24036164.2188 12.034809825181
74930 11 24041041.6108 12.0105855331858
74931 11 24045919.0029 11.9857583847778
74932 11 24050796.395 11.9603407077905
74933 11 24055673.7871 11.934344830057
74934 11 24060551.1792 11.9077830794108
74935 11 24065428.5713 11.8806677836852
74936 11 24070305.9634 11.8530112707135
74937 11 24075183.3555 11.8248258683291
74938 11 24080060.7476 11.7961239043652
74939 11 24084938.1396 11.7669177066552
74940 11 24089815.5317 11.7372196030325
74941 11 24094692.9238 11.7070419213303
74942 11 24099570.3159 11.6763969893819
74943 11 24104447.708 11.6452971350208
74944 11 24109325.1001 11.6137546860803
74945 11 24114202.4922 11.5817819703936
74946 11 24119079.8843 11.5493913157941
74947 11 24123957.2764 11.5165950501151
74948 11 24128834.6685 11.48340550119
74949 11 24133712.0605 11.4498349968521
74950 11 24138589.4526 11.4158958649347
74951 11 24143466.8447 11.3816004332712
74952 11 24148344.2368 11.3469610296948
74953 11 24153221.6289 11.311989982039
74954 11 24158099.021 11.2766996181369
74955 11 24162976.4131 11.2411022658221
74956 11 24167853.8052 11.2052102529277
74957 11 24172731.1973 11.1690359072871
74958 11 24177608.5894 11.1325915567337
74959 11 24182485.9814 11.0958895291008
74960 11 24187363.3735 11.0589421522217
74961 11 24192240.7656 11.0217617539297
74962 11 24197118.1577 10.9843606620582
74963 11 24201995.5498 10.9467512044404
74964 11 24206872.9419 10.9089457089098
74965 11 24211750.334 10.8709565032997
74966 11 24216627.7261 10.8327959154433
74967 11 24221505.1182 10.7944762731741
74968 11 24226382.5103 10.7560099043252
74969 11 24231259.9023 10.7174091367302
74970 11 24236137.2944 10.6786862982222
74971 11 24241014.6865 10.6398537166347
74972 11 24245892.0786 10.6009237198009
74973 11 24250769.4707 10.5619086355542
74974 11 24255646.8628 10.522820791728
74975 11 24260524.2549 10.4836725161554
74976 11 24265401.647 10.44447613667
