chr mid sweep_loess
837 1 6114964.2285 68.69027279618
838 1 6122277.0278 68.9583139777367
839 1 6129589.8271 69.2241908499759
840 1 6136902.6265 69.4877784704088
841 1 6144215.4258 69.7489518965468
842 1 6151528.2251 70.0075861859013
843 1 6158841.0244 70.2635563959837
844 1 6166153.8237 70.5167375843052
845 1 6173466.623 70.7670048083772
846 1 6180779.4224 71.0142331257112
847 1 6188092.2217 71.2582975938184
848 1 6195405.021 71.4990732702102
849 1 6202717.8203 71.736435212398
850 1 6210030.6196 71.970258477893
851 1 6217343.4189 72.2004181242068
852 1 6224656.2183 72.4267892088506
853 1 6231969.0176 72.6492467893357
854 1 6239281.8169 72.8676659231737
855 1 6246594.6162 73.0819216678757
856 1 6253907.4155 73.2918890809532
857 1 6261220.2148 73.4974432199174
858 1 6268533.0142 73.6984591422799
859 1 6275845.8135 73.8948119055518
860 1 6283158.6128 74.0863765672447
861 1 6290471.4121 74.2730281848698
862 1 6297784.2114 74.4546418159384
863 1 6305097.0107 74.6310925179621
864 1 6312409.8101 74.802255348452
865 1 6319722.6094 74.9680053649195
866 1 6327035.4087 75.1282176248761
867 1 6334348.208 75.2827671858331
868 1 6341661.0073 75.4315291053017
869 1 6348973.8066 75.5743784407935
870 1 6356286.606 75.7111902498197
871 1 6363599.4053 75.8418395898917
872 1 6370912.2046 75.9662015185208
873 1 6378225.0039 76.0841510932184
874 1 6385537.8032 76.195563371496
875 1 6392850.6025 76.3003134108647
876 1 6400163.4019 76.3982762688359
877 1 6407476.2012 76.4893270029211
878 1 6414789.0005 76.5733406706316
879 1 6422101.7998 76.6501923294788
880 1 6429414.5991 76.7197570369739
881 1 6436727.3984 76.7819098506284
882 1 6444040.1978 76.8365258279536
883 1 6451352.9971 76.8834800264608
884 1 6458665.7964 76.9226475036615
885 1 6465978.5957 76.9539033170669
886 1 6473291.395 76.9771225241885
887 1 6480604.1943 76.9921801825376
888 1 6487916.9937 76.9989513496255
889 1 6495229.793 76.9973110829636
890 1 6502542.5923 76.9890918584356
891 1 6509855.3916 76.9762480190373
892 1 6517168.1909 76.9588374229482
893 1 6524480.9902 76.9369179283479
894 1 6531793.7896 76.9105473934159
895 1 6539106.5889 76.8797836763318
896 1 6546419.3882 76.8446846352749
897 1 6553732.1875 76.805308128425
898 1 6561044.9868 76.7617120139615
899 1 6568357.7861 76.7139541500639
900 1 6575670.5854 76.6620923949118
901 1 6582983.3848 76.6061846066848
902 1 6590296.1841 76.5462886435622
903 1 6597608.9834 76.4824623637237
904 1 6604921.7827 76.4147636253489
905 1 6612234.582 76.3432502866171
906 1 6619547.3813 76.2679802057081
907 1 6626860.1807 76.1890112408012
908 1 6634172.98 76.1064012500761
909 1 6641485.7793 76.0202080917121
910 1 6648798.5786 75.930489623889
911 1 6656111.3779 75.8373037047862
912 1 6663424.1772 75.7407081925833
913 1 6670736.9766 75.6407609454597
914 1 6678049.7759 75.537519821595
915 1 6685362.5752 75.4310426791688
916 1 6692675.3745 75.3213873763605
917 1 6699988.1738 75.2086117713497
918 1 6707300.9731 75.092773722316
919 1 6714613.7725 74.9739310874388
920 1 6721926.5718 74.8521417248976
921 1 6729239.3711 74.7274634928722
922 1 6736552.1704 74.5999542495419
923 1 6743864.9697 74.4696718530862
924 1 6751177.769 74.3366741616848
925 1 6758490.5684 74.2010190335171
926 1 6765803.3677 74.0627643267627
927 1 6773116.167 73.921967899601
928 1 6780428.9663 73.7786876102117
929 1 6787741.7656 73.6329813167743
930 1 6795054.5649 73.4849068774683
931 1 6802367.3643 73.3345221504732
932 1 6809680.1636 73.1818849939685
933 1 6816992.9629 73.0270532661339
934 1 6824305.7622 72.8700848251487
935 1 6831618.5615 72.7110375291926
936 1 6838931.3608 72.5499692364451
937 1 6846244.1602 72.3869378050857
938 1 6853556.9595 72.2220010932939
939 1 6860869.7588 72.0552169592493
940 1 6868182.5581 71.8866432611314
941 1 6875495.3574 71.7163378571197
942 1 6882808.1567 71.5443586053938
943 1 6890120.9561 71.3707633641331
944 1 6897433.7554 71.1956099915173
945 1 6904746.5547 71.0189563457259
946 1 6912059.354 70.8408602849383
947 1 6919372.1533 70.6613796673341
948 1 6926684.9526 70.4805723510929
949 1 6933997.752 70.2984961943941
950 1 6941310.5513 70.1152090554174
951 1 6948623.3506 69.9307687923422
952 1 6955936.1499 69.7452332633481
953 1 6963248.9492 69.5586603266145
954 1 6970561.7485 69.3711078403211
955 1 6977874.5479 69.1826336626473
956 1 6985187.3472 68.9932956517728
957 1 6992500.1465 68.8031516658769
958 1 6999812.9458 68.6122595631393
18279 5 66371282.3193 68.6711452897501
18280 5 66379296.9858 68.8180787926268
18281 5 66387311.6523 68.9550231123403
18282 5 66395326.3188 69.0818253336569
18283 5 66403340.9854 69.2042390958116
18284 5 66411355.6519 69.328092778891
18285 5 66419370.3184 69.4533455789381
18286 5 66427384.9849 69.5799566919963
18287 5 66435399.6514 69.7078853141085
18288 5 66443414.3179 69.8370906413181
18289 5 66451428.9844 69.9675318696682
18290 5 66459443.6509 70.099168195202
18291 5 66467458.3174 70.2319588139626
18292 5 66475472.9839 70.3658629219932
18293 5 66483487.6504 70.5008397153369
18294 5 66491502.3169 70.636848390037
18295 5 66499516.9834 70.7738481421366
18296 5 66507531.6499 70.9117981676789
18297 5 66515546.3164 71.050657662707
18298 5 66523560.9829 71.1903858232642
18299 5 66531575.6494 71.3309418453936
18300 5 66539590.3159 71.4722849251383
18301 5 66547604.9824 71.6143742585416
18302 5 66555619.6489 71.7571690416465
18303 5 66563634.3154 71.9006284704963
18304 5 66571648.9819 72.0447117411343
18305 5 66579663.6484 72.1893780496034
18306 5 66587678.3149 72.3345865919469
18307 5 66595692.9814 72.4802965642079
18308 5 66603707.6479 72.6264671624297
18309 5 66611722.3145 72.7730575826554
18310 5 66619736.981 72.9200270209281
18311 5 66627751.6475 73.0673346732911
18312 5 66635766.314 73.2149397357875
18313 5 66643780.9805 73.3628014044605
18314 5 66651795.647 73.5108788753533
18315 5 66659810.3135 73.6591313445089
18316 5 66667824.98 73.8075180079707
18317 5 66675839.6465 73.9559980617817
18318 5 66683854.313 74.1045307019852
18319 5 66691868.9795 74.2530751246243
18320 5 66699883.646 74.4015905257421
18321 5 66707898.3125 74.5500361013819
18322 5 66715912.979 74.6983710475868
18323 5 66723927.6455 74.8465545604
18324 5 66731942.312 74.9945458358647
18325 5 66739956.9785 75.1423040700239
18326 5 66747971.645 75.289788458921
18327 5 66755986.3115 75.4369581985991
18328 5 66764000.978 75.5837724851013
18329 5 66772015.6445 75.7301905144708
18330 5 66780030.311 75.8761714827508
18331 5 66788044.9775 76.0216745859844
18332 5 66796059.644 76.1666590202149
18333 5 66804074.3105 76.3110839814854
18334 5 66812088.9771 76.454908665839
18335 5 66820103.6436 76.598092269319
18336 5 66828118.3101 76.7405939879684
18337 5 66836132.9766 76.8823730178306
18338 5 66844147.6431 77.0233885549486
18339 5 66852162.3096 77.1635997953656
18340 5 66860176.9761 77.3029659351248
18341 5 66868191.6426 77.4414461702693
18342 5 66876206.3091 77.5789996968424
18343 5 66884220.9756 77.7155857108872
18344 5 66892235.6421 77.8511634084469
18345 5 66900250.3086 77.9856919855646
18346 5 66908264.9751 78.1191306382835
18347 5 66916279.6416 78.2514385626468
18348 5 66924294.3081 78.3825749546976
18349 5 66932308.9746 78.5124990104792
18350 5 66940323.6411 78.6411699260346
18351 5 66948338.3076 78.7685468974072
18352 5 66956352.9741 78.8945891206399
18353 5 66964367.6406 79.0192557917761
18354 5 66972382.3071 79.1425061068588
18355 5 66980396.9736 79.2642992619313
18356 5 66988411.6401 79.3845944530367
18357 5 66996426.3066 79.5033508762182
18358 5 67004440.9731 79.620527727519
18359 5 67012455.6396 79.7360842029822
18360 5 67020470.3062 79.849979498651
18361 5 67028484.9727 79.9621728105685
18362 5 67036499.6392 80.072623334778
18363 5 67044514.3057 80.1812902673226
18364 5 67052528.9722 80.2881328042455
18365 5 67060543.6387 80.3931101415899
18366 5 67068558.3052 80.4961814753988
18367 5 67076572.9717 80.5973060017156
18368 5 67084587.6382 80.6964429165833
18369 5 67092602.3047 80.7935514160452
18370 5 67100616.9712 80.8885906961443
18371 5 67108631.6377 80.981519952924
18372 5 67116646.3042 81.0722983824273
18373 5 67124660.9707 81.1608851806974
18374 5 67132675.6372 81.2472395437775
18375 5 67140690.3037 81.3313206677107
18376 5 67148704.9702 81.4130877485403
18377 5 67156719.6367 81.4924999823094
18378 5 67164734.3032 81.5695165650611
18379 5 67172748.9697 81.6440966928387
18380 5 67180763.6362 81.7161995616853
18381 5 67188778.3027 81.7857843676441
18382 5 67196792.9692 81.8528103067583
18383 5 67204807.6357 81.9172365750709
18384 5 67212822.3022 81.9790223686253
18385 5 67220836.9688 82.0381268834645
18386 5 67228851.6353 82.0945093156318
18387 5 67236866.3018 82.1481288611702
18388 5 67244880.9683 82.198944716123
18389 5 67252895.6348 82.2469160765334
18390 5 67260910.3013 82.2920021384445
18391 5 67268924.9678 82.3341620978995
18392 5 67276939.6343 82.3733551509416
18393 5 67284954.3008 82.4095404936138
18394 5 67292968.9673 82.4426773219595
18395 5 67300983.6338 82.4727248320218
18396 5 67308998.3003 82.4996422198438
18397 5 67317012.9668 82.5233886814687
18398 5 67325027.6333 82.5439234129396
18399 5 67333042.2998 82.5612056102999
18400 5 67341056.9663 82.5751944695925
18401 5 67349071.6328 82.5858491868608
18402 5 67357086.2993 82.5931289581478
18403 5 67365100.9658 82.5969929794967
18404 5 67373115.6323 82.5974004469508
18405 5 67381130.2988 82.5943105565531
18406 5 67389144.9653 82.5876825043469
18407 5 67397159.6318 82.5774754863753
18408 5 67405174.2983 82.5636486986815
18409 5 67413188.9648 82.5461613373086
18410 5 67421203.6313 82.5240751862493
18411 5 67429218.2979 82.4965263417978
18412 5 67437232.9644 82.46358546845
18413 5 67445247.6309 82.4253232307017
18414 5 67453262.2974 82.3818102930488
18415 5 67461276.9639 82.3331173199873
18416 5 67469291.6304 82.2793149760128
18417 5 67477306.2969 82.2204739256212
18418 5 67485320.9634 82.1566648333085
18419 5 67493335.6299 82.0879583635705
18420 5 67501350.2964 82.014425180903
18421 5 67509364.9629 81.9361359498018
18422 5 67517379.6294 81.8531613347629
18423 5 67525394.2959 81.7655720002821
18424 5 67533408.9624 81.6734386108552
18425 5 67541423.6289 81.5768318309781
18426 5 67549438.2954 81.4758223251466
18427 5 67557452.9619 81.3704807578566
18428 5 67565467.6284 81.260877793604
18429 5 67573482.2949 81.1470840968845
18430 5 67581496.9614 81.0291703321941
18431 5 67589511.6279 80.9072071640286
18432 5 67597526.2944 80.7812652568839
18433 5 67605540.9609 80.6514152752558
18434 5 67613555.6274 80.5177278836401
18435 5 67621570.2939 80.3802737465328
18436 5 67629584.9604 80.2391235284296
18437 5 67637599.627 80.0943478938264
18438 5 67645614.2935 79.9460175072191
18439 5 67653628.96 79.7942030331036
18440 5 67661643.6265 79.6389751359756
18441 5 67669658.293 79.4804044803311
18442 5 67677672.9595 79.3185617306658
18443 5 67685687.626 79.1535175514757
18444 5 67693702.2925 78.9853426072566
18445 5 67701716.959 78.8141075625043
18446 5 67709731.6255 78.6398830817147
18447 5 67717746.292 78.4627398293837
18448 5 67725760.9585 78.282748470007
18449 5 67733775.625 78.0999796680806
18450 5 67741790.2915 77.9145040881004
18451 5 67749804.958 77.7263923945621
18452 5 67757819.6245 77.5357152519616
18453 5 67765834.291 77.3425433247947
18454 5 67773848.9575 77.1469472775574
18455 5 67781863.624 76.9489977747455
18456 5 67789878.2905 76.7487654808548
18457 5 67797892.957 76.5463210603812
18458 5 67805907.6235 76.3417351778205
18459 5 67813922.29 76.1350784976686
18460 5 67821936.9565 75.9264216844214
18461 5 67829951.623 75.7158354025746
18462 5 67837966.2896 75.5033903166241
18463 5 67845980.9561 75.2891570910659
18464 5 67853995.6226 75.0732063903957
18465 5 67862010.2891 74.8556088791094
18466 5 67870024.9556 74.6364352217029
18467 5 67878039.6221 74.415756082672
18468 5 67886054.2886 74.1936421265125
18469 5 67894068.9551 73.9701640177204
18470 5 67902083.6216 73.7453924207914
18471 5 67910098.2881 73.5193980002215
18472 5 67918112.9546 73.2922514205064
18473 5 67926127.6211 73.064023346142
18474 5 67934142.2876 72.8347844416243
18475 5 67942156.9541 72.6046053714489
18476 5 67950171.6206 72.3735568001119
18477 5 67958186.2871 72.1417093921089
18478 5 67966200.9536 71.909133811936
18479 5 67974215.6201 71.6759007240889
18480 5 67982230.2866 71.4420807930635
18481 5 67990244.9531 71.2077446833557
18482 5 67998259.6196 70.9729630594613
18483 5 68006274.2861 70.7378065858761
18484 5 68014288.9526 70.502345927096
18485 5 68022303.6191 70.2666517476169
18486 5 68030318.2856 70.0307947119346
18487 5 68038332.9521 69.794845484545
18488 5 68046347.6187 69.5588747299439
18489 5 68054362.2852 69.3229531126271
18490 5 68062376.9517 69.0871512970906
18491 5 68070391.6182 68.8515399478301
18492 5 68078406.2847 68.6161897293417
21817 6 15637586.75 68.5512312066974
21818 6 15646197.2812 68.6224291743832
21819 6 15654807.8125 68.690200522588
21820 6 15663418.3438 68.7544864212067
21821 6 15672028.875 68.815228040134
21822 6 15680639.4062 68.8723665492648
21823 6 15689249.9375 68.925843118494
21824 6 15697860.4688 68.9755989177163
21825 6 15706471 69.0215751168267
21826 6 15715081.5312 69.0637128857199
21827 6 15723692.0625 69.1019533942907
21828 6 15732302.5938 69.1362378124341
21829 6 15740913.125 69.1665073100449
21830 6 15749523.6562 69.1927030570179
21831 6 15758134.1875 69.2147662232478
21832 6 15766744.7188 69.2326379786297
21833 6 15775355.25 69.2462594930582
21834 6 15783965.7812 69.2555719364283
21835 6 15792576.3125 69.2605164786348
21836 6 15801186.8438 69.2610342895724
21837 6 15809797.375 69.2570665391361
21838 6 15818407.9062 69.2486538695546
21839 6 15827018.4375 69.2359137606332
21840 6 15835628.9688 69.2189026386313
21841 6 15844239.5 69.1976769298085
21842 6 15852850.0312 69.1722930604244
21843 6 15861460.5625 69.1428074567384
21844 6 15870071.0938 69.1092765450102
21845 6 15878681.625 69.0717567514993
21846 6 15887292.1562 69.0303045024652
21847 6 15895902.6875 68.9849762241675
21848 6 15904513.2188 68.9358283428657
21849 6 15913123.75 68.8829172848193
21850 6 15921734.2812 68.826299476288
21851 6 15930344.8125 68.7660313435312
21852 6 15938955.3438 68.7021693128085
21853 6 15947565.875 68.6347698103794
21854 6 15956176.4062 68.5638892625036
44782 8 39014634.5723 68.645057106164
44783 8 39022787.2461 68.8219189434994
44784 8 39030939.9199 68.9955469164212
44785 8 39039092.5938 69.1658628913499
44786 8 39047245.2676 69.3327887347061
44787 8 39055397.9414 69.4962463129103
44788 8 39063550.6152 69.6561574923832
44789 8 39071703.2891 69.8124441395454
44790 8 39079855.9629 69.9650281208173
44791 8 39088008.6367 70.1138313026197
44792 8 39096161.3105 70.2587755513731
44793 8 39104313.9844 70.3997827334981
44794 8 39112466.6582 70.5367747154152
44795 8 39120619.332 70.669673363545
44796 8 39128772.0059 70.7984005443083
44797 8 39136924.6797 70.9228781241253
44798 8 39145077.3535 71.043027969417
44799 8 39153230.0273 71.1587719466037
44800 8 39161382.7012 71.2700319221061
44801 8 39169535.375 71.3767297623447
44802 8 39177688.0488 71.4787873337401
44803 8 39185840.7227 71.576126502713
44804 8 39193993.3965 71.6686691356839
44805 8 39202146.0703 71.7563370990734
44806 8 39210298.7441 71.839052259302
44807 8 39218451.418 71.9167364827905
44808 8 39226604.0918 71.9893116359592
44809 8 39234756.7656 72.0566995852289
44810 8 39242909.4395 72.1188221970201
44811 8 39251062.1133 72.1756013377534
44812 8 39259214.7871 72.2269588738494
44813 8 39267367.4609 72.2728166717286
44814 8 39275520.1348 72.3130965978117
44815 8 39283672.8086 72.3477205185192
44816 8 39291825.4824 72.3782905926766
44817 8 39299978.1562 72.4064764364222
44818 8 39308130.8301 72.432301102146
44819 8 39316283.5039 72.455787642238
44820 8 39324436.1777 72.4769591090883
44821 8 39332588.8516 72.4958385550868
44822 8 39340741.5254 72.5124490326237
44823 8 39348894.1992 72.5268135940888
44824 8 39357046.873 72.5389552918721
44825 8 39365199.5469 72.5488971783638
44826 8 39373352.2207 72.5566623059538
44827 8 39381504.8945 72.562273727032
44828 8 39389657.5684 72.5657544939886
44829 8 39397810.2422 72.5671276592135
44830 8 39405962.916 72.5664162750968
44831 8 39414115.5898 72.5636433940284
44832 8 39422268.2637 72.5588320683984
44833 8 39430420.9375 72.5520053505968
44834 8 39438573.6113 72.5431862930135
44835 8 39446726.2852 72.5323979480386
44836 8 39454878.959 72.5196633680621
44837 8 39463031.6328 72.505005605474
44838 8 39471184.3066 72.4884477126644
44839 8 39479336.9805 72.4700127420231
44840 8 39487489.6543 72.4497237459403
44841 8 39495642.3281 72.4276037768059
44842 8 39503795.002 72.40367588701
44843 8 39511947.6758 72.3779631289426
44844 8 39520100.3496 72.3504885549936
44845 8 39528253.0234 72.3212752175531
44846 8 39536405.6973 72.2903461690111
44847 8 39544558.3711 72.2577244617576
44848 8 39552711.0449 72.2234331481826
44849 8 39560863.7188 72.1874952806761
44850 8 39569016.3926 72.1499339116282
44851 8 39577169.0664 72.1107720934288
44852 8 39585321.7402 72.0700328784679
44853 8 39593474.4141 72.0277393191356
44854 8 39601627.0879 71.9839144678219
44855 8 39609779.7617 71.9385813769167
44856 8 39617932.4355 71.8917630988101
44857 8 39626085.1094 71.8434826858921
44858 8 39634237.7832 71.7937631905528
44859 8 39642390.457 71.742627665182
44860 8 39650543.1309 71.6900991621699
44861 8 39658695.8047 71.6362007339064
44862 8 39666848.4785 71.5809554327815
44863 8 39675001.1523 71.5243863111853
44864 8 39683153.8262 71.4665164215077
44865 8 39691306.5 71.4073688161389
44866 8 39699459.1738 71.3469665474687
44867 8 39707611.8477 71.2853326678872
44868 8 39715764.5215 71.2224902297844
44869 8 39723917.1953 71.1584622855503
44870 8 39732069.8691 71.0932718875749
44871 8 39740222.543 71.0269420882482
44872 8 39748375.2168 70.9594959399603
44873 8 39756527.8906 70.8909564951011
44874 8 39764680.5645 70.8213468060607
44875 8 39772833.2383 70.7506899252291
44876 8 39780985.9121 70.6790089049962
44877 8 39789138.5859 70.6063267977521
44878 8 39797291.2598 70.5326666558868
44879 8 39805443.9336 70.4580515317903
44880 8 39813596.6074 70.3825044778526
44881 8 39821749.2812 70.3060485464638
44882 8 39829901.9551 70.2287067900138
44883 8 39838054.6289 70.1505022608926
44884 8 39846207.3027 70.0714580114902
44885 8 39854359.9766 69.9915970941967
44886 8 39862512.6504 69.9109425614021
44887 8 39870665.3242 69.8295174654964
44888 8 39878817.998 69.7473448588696
44889 8 39886970.6719 69.6644477939116
44890 8 39895123.3457 69.5808493230126
44891 8 39903276.0195 69.4965724985625
44892 8 39911428.6934 69.4116403729513
44893 8 39919581.3672 69.326075998569
44894 8 39927734.041 69.2399024278057
44895 8 39935886.7148 69.1531427130513
44896 8 39944039.3887 69.0658199066959
44897 8 39952192.0625 68.9779570611295
44898 8 39960344.7363 68.8895772287421
44899 8 39968497.4102 68.8007034619236
44900 8 39976650.084 68.7113588130642
44901 8 39984802.7578 68.6215663345537
54578 9 24009094.8447 68.6090357525757
54579 9 24014340.2207 68.6958089639657
54580 9 24019585.5967 68.7784740317789
54581 9 24024830.9727 68.8569676893181
54582 9 24030076.3486 68.9312266698863
54583 9 24035321.7246 69.0011877067861
54584 9 24040567.1006 69.0667875333206
54585 9 24045812.4766 69.1279628827924
54586 9 24051057.8525 69.1846504885044
54587 9 24056303.2285 69.2367870837595
54588 9 24061548.6045 69.2843094018604
54589 9 24066793.9805 69.3271541761101
54590 9 24072039.3564 69.3652581398113
54591 9 24077284.7324 69.3985580262669
54592 9 24082530.1084 69.4276430746436
54593 9 24087775.4844 69.4531742699674
54594 9 24093020.8604 69.47519596433
54595 9 24098266.2363 69.4937525098231
54596 9 24103511.6123 69.5088882585385
54597 9 24108756.9883 69.5206475625678
54598 9 24114002.3643 69.5290747740027
54599 9 24119247.7402 69.534214244935
54600 9 24124493.1162 69.5361103274563
54601 9 24129738.4922 69.5348073736584
54602 9 24134983.8682 69.530349735633
54603 9 24140229.2441 69.5227817654717
54604 9 24145474.6201 69.5121478152663
54605 9 24150719.9961 69.4984922371085
54606 9 24155965.3721 69.4818593830899
54607 9 24161210.748 69.4622936053024
54608 9 24166456.124 69.4398392558376
54609 9 24171701.5 69.4145406867871
54610 9 24176946.876 69.3864422502428
54611 9 24182192.252 69.3555882982963
54612 9 24187437.6279 69.3220231830393
54613 9 24192683.0039 69.2857912565636
54614 9 24197928.3799 69.2469368709608
54615 9 24203173.7559 69.2055043783226
54616 9 24208419.1318 69.1615381307408
54617 9 24213664.5078 69.1150824803071
54618 9 24218909.8838 69.066181779113
54619 9 24224155.2598 69.0148803792505
54620 9 24229400.6357 68.9612226328111
54621 9 24234646.0117 68.9052528918866
54622 9 24239891.3877 68.8470155085687
54623 9 24245136.7637 68.7865548349491
54624 9 24250382.1396 68.7239152231195
54625 9 24255627.5156 68.6591410251716
54626 9 24260872.8916 68.5922765931971
56312 9 33104576.7881 68.7407893865224
56313 9 33109822.1641 69.0909873956923
56314 9 33115067.54 69.4393273303391
56315 9 33120312.916 69.7856883012357
56316 9 33125558.292 70.1299494191554
56317 9 33130803.668 70.4719897948712
56318 9 33136049.0439 70.8116885391562
56319 9 33141294.4199 71.1489247627834
56320 9 33146539.7959 71.483577576526
56321 9 33151785.1719 71.8155260911571
56322 9 33157030.5479 72.1446494174497
56323 9 33162275.9238 72.4708266661769
56324 9 33167521.2998 72.7939369481118
56325 9 33172766.6758 73.1138593740276
56326 9 33178012.0518 73.4304730546972
56327 9 33183257.4277 73.7436571008938
56328 9 33188502.8037 74.0532906233905
56329 9 33193748.1797 74.3592527329603
56330 9 33198993.5557 74.6614225403764
56331 9 33204238.9316 74.9596791564118
56332 9 33209484.3076 75.2539016918396
56333 9 33214729.6836 75.543969257433
56334 9 33219975.0596 75.8297609639649
56335 9 33225220.4355 76.1111559222085
56336 9 33230465.8115 76.3880332429369
56337 9 33235711.1875 76.6602720369231
56338 9 33240956.5635 76.9277514149403
56339 9 33246201.9395 77.1903504877614
56340 9 33251447.3154 77.4479483661598
56341 9 33256692.6914 77.7004241609083
56342 9 33261938.0674 77.9476569827801
56343 9 33267183.4434 78.1895259425483
56344 9 33272428.8193 78.425910150986
56345 9 33277674.1953 78.6566887188662
56346 9 33282919.5713 78.8817407569621
56347 9 33288164.9473 79.1009453760467
56348 9 33293410.3232 79.3141816868932
56349 9 33298655.6992 79.5213288002745
56350 9 33303901.0752 79.7222658269639
56351 9 33309146.4512 79.9168718777343
56352 9 33314391.8271 80.1050260633589
56353 9 33319637.2031 80.2866074946108
56354 9 33324882.5791 80.461495282263
56355 9 33330127.9551 80.6295685370886
56356 9 33335373.3311 80.7907063698608
56357 9 33340618.707 80.9447878913526
56358 9 33345864.083 81.0916922123371
56359 9 33351109.459 81.2312984435873
56360 9 33356354.835 81.3634856958765
56361 9 33361600.2109 81.4881330799776
56362 9 33366845.5869 81.6051197066638
56363 9 33372090.9629 81.7143246867081
56364 9 33377336.3389 81.8156271308836
56365 9 33382581.7148 81.9089061499635
56366 9 33387827.0908 81.9940408547207
56367 9 33393072.4668 82.0709103559285
56368 9 33398317.8428 82.1393937643598
56369 9 33403563.2188 82.2029828592945
56370 9 33408808.5947 82.2652535510553
56371 9 33414053.9707 82.3262111469798
56372 9 33419299.3467 82.3858609544053
56373 9 33424544.7227 82.4442082806695
56374 9 33429790.0986 82.5012584331098
56375 9 33435035.4746 82.5570167190637
56376 9 33440280.8506 82.6114884458687
56377 9 33445526.2266 82.6646789208622
56378 9 33450771.6025 82.7165934513819
56379 9 33456016.9785 82.7672373447651
56380 9 33461262.3545 82.8166159083495
56381 9 33466507.7305 82.8647344494724
56382 9 33471753.1064 82.9115982754714
56383 9 33476998.4824 82.9572126936839
56384 9 33482243.8584 83.0015830114475
56385 9 33487489.2344 83.0447145360997
56386 9 33492734.6104 83.0866125749779
56387 9 33497979.9863 83.1272824354197
56388 9 33503225.3623 83.1667294247625
56389 9 33508470.7383 83.2049588503438
56390 9 33513716.1143 83.2419760195012
56391 9 33518961.4902 83.2777862395721
56392 9 33524206.8662 83.312394817894
56393 9 33529452.2422 83.3458070618045
56394 9 33534697.6182 83.378028278641
56395 9 33539942.9941 83.4090637757409
56396 9 33545188.3701 83.4389188604419
56397 9 33550433.7461 83.4675988400814
56398 9 33555679.1221 83.4951090219969
56399 9 33560924.498 83.5214547135259
56400 9 33566169.874 83.5466412220059
56401 9 33571415.25 83.5706738547743
56402 9 33576660.626 83.5935579191687
56403 9 33581906.002 83.6152987225266
56404 9 33587151.3779 83.6359015721855
56405 9 33592396.7539 83.6553717754829
56406 9 33597642.1299 83.6737146397562
56407 9 33602887.5059 83.6909354723429
56408 9 33608132.8818 83.7070395805807
56409 9 33613378.2578 83.7220322718068
56410 9 33618623.6338 83.7359188533589
56411 9 33623869.0098 83.7487046325744
56412 9 33629114.3857 83.7603949167909
56413 9 33634359.7617 83.7709950133458
56414 9 33639605.1377 83.7805102295766
56415 9 33644850.5137 83.7889458728209
56416 9 33650095.8896 83.7963072504161
56417 9 33655341.2656 83.8025996696996
56418 9 33660586.6416 83.8078284380091
56419 9 33665832.0176 83.811998862682
56420 9 33671077.3936 83.8151162510558
56421 9 33676322.7695 83.817185910468
56422 9 33681568.1455 83.818213148256
56423 9 33686813.5215 83.8182032717574
56424 9 33692058.8975 83.8171615883098
56425 9 33697304.2734 83.8150934052504
56426 9 33702549.6494 83.812004029917
56427 9 33707795.0254 83.8078987696469
56428 9 33713040.4014 83.8027829317777
56429 9 33718285.7773 83.7966618236469
56430 9 33723531.1533 83.7895407525919
56431 9 33728776.5293 83.7814250259502
56432 9 33734021.9053 83.7723199510594
56433 9 33739267.2812 83.7622308352569
56434 9 33744512.6572 83.7511629858802
56435 9 33749758.0332 83.7391217102669
56436 9 33755003.4092 83.7261123157544
56437 9 33760248.7852 83.7121401096802
56438 9 33765494.1611 83.6972103993819
56439 9 33770739.5371 83.6813284921968
56440 9 33775984.9131 83.6644996954626
56441 9 33781230.2891 83.6467293165166
56442 9 33786475.665 83.6280226626965
56443 9 33791721.041 83.6083850413396
56444 9 33796966.417 83.5878217597836
56445 9 33802211.793 83.5663381253658
56446 9 33807457.1689 83.5439394454237
56447 9 33812702.5449 83.520631027295
56448 9 33817947.9209 83.496418178317
56449 9 33823193.2969 83.4713062058274
56450 9 33828438.6729 83.4453004171634
56451 9 33833684.0488 83.4184061196627
56452 9 33838929.4248 83.3906286206628
56453 9 33844174.8008 83.3619732275011
56454 9 33849420.1768 83.3324452475151
56455 9 33854665.5527 83.3020499880424
56456 9 33859910.9287 83.2707927564204
56457 9 33865156.3047 83.2386788599867
56458 9 33870401.6807 83.2057136060786
56459 9 33875647.0566 83.1719023020338
56460 9 33880892.4326 83.1372502551897
56461 9 33886137.8086 83.1017627728838
56462 9 33891383.1846 83.0654451624536
56463 9 33896628.5605 83.0283027312366
56464 9 33901873.9365 82.9903407865703
56465 9 33907119.3125 82.9515646357922
56466 9 33912364.6885 82.9119795862398
56467 9 33917610.0645 82.8715909452506
56468 9 33922855.4404 82.830404020162
56469 9 33928100.8164 82.7884241183116
56470 9 33933346.1924 82.7456565470369
56471 9 33938591.5684 82.7021066136754
56472 9 33943836.9443 82.6577796255645
56473 9 33949082.3203 82.6126808900417
56474 9 33954327.6963 82.5668157144446
56475 9 33959573.0723 82.5201894061107
56476 9 33964818.4482 82.4728072723774
56477 9 33970063.8242 82.4246746205822
56478 9 33975309.2002 82.3757967580627
56479 9 33980554.5762 82.3261789921563
56480 9 33985799.9521 82.2758266302005
56481 9 33991045.3281 82.2247449795328
56482 9 33996290.7041 82.1729393474907
56483 9 34001536.0801 82.1204150414118
56484 9 34006781.4561 82.0671773686334
56485 9 34012026.832 82.0132316364932
56486 9 34017272.208 81.9585831523285
56487 9 34022517.584 81.903237223477
56488 9 34027762.96 81.847199157276
56489 9 34033008.3359 81.7904742610631
56490 9 34038253.7119 81.7330678421758
56491 9 34043499.0879 81.6749852079515
56492 9 34048744.4639 81.6162316657279
56493 9 34053989.8398 81.5568125228422
56494 9 34059235.2158 81.4967330866322
56495 9 34064480.5918 81.4359986644352
56496 9 34069725.9678 81.3724580176411
56497 9 34074971.3438 81.3040006395584
56498 9 34080216.7197 81.2306929354027
56499 9 34085462.0957 81.1526013103894
56500 9 34090707.4717 81.0697921697341
56501 9 34095952.8477 80.9823319186521
56502 9 34101198.2236 80.8902869623591
56503 9 34106443.5996 80.7937237060705
56504 9 34111688.9756 80.6927085550017
56505 9 34116934.3516 80.5873079143684
56506 9 34122179.7275 80.477588189386
56507 9 34127425.1035 80.3636157852699
56508 9 34132670.4795 80.2454571072357
56509 9 34137915.8555 80.1231785604989
56510 9 34143161.2314 79.996846550275
56511 9 34148406.6074 79.8665274817794
56512 9 34153651.9834 79.7322877602277
56513 9 34158897.3594 79.5941937908353
56514 9 34164142.7354 79.4523119788178
56515 9 34169388.1113 79.3067087293906
56516 9 34174633.4873 79.1574504477692
56517 9 34179878.8633 79.0046035391692
56518 9 34185124.2393 78.848234408806
56519 9 34190369.6152 78.688409461895
56520 9 34195614.9912 78.525195103652
56521 9 34200860.3672 78.3586577392921
56522 9 34206105.7432 78.1888637740311
56523 9 34211351.1191 78.0158796130844
56524 9 34216596.4951 77.8397716616675
56525 9 34221841.8711 77.6606063249959
56526 9 34227087.2471 77.478450008285
56527 9 34232332.623 77.2933691167504
56528 9 34237577.999 77.1054300556075
56529 9 34242823.375 76.914699230072
56530 9 34248068.751 76.7212430453591
56531 9 34253314.127 76.5251279066846
56532 9 34258559.5029 76.3264202192637
56533 9 34263804.8789 76.1251863883121
56534 9 34269050.2549 75.9214928190452
56535 9 34274295.6309 75.7154059166785
56536 9 34279541.0068 75.5069920864276
56537 9 34284786.3828 75.2963177335078
56538 9 34290031.7588 75.0834492631348
56539 9 34295277.1348 74.8684530805239
56540 9 34300522.5107 74.6513955908908
56541 9 34305767.8867 74.4323431994508
56542 9 34311013.2627 74.2113623114195
56543 9 34316258.6387 73.9885193320124
56544 9 34321504.0146 73.763880666445
56545 9 34326749.3906 73.5375127199327
56546 9 34331994.7666 73.3094818976911
56547 9 34337240.1426 73.0798546049357
56548 9 34342485.5186 72.8486972468819
56549 9 34347730.8945 72.6160762287452
56550 9 34352976.2705 72.3820579557411
56551 9 34358221.6465 72.1467088330852
56552 9 34363467.0225 71.9100952659929
56553 9 34368712.3984 71.6722836596797
56554 9 34373957.7744 71.4333404193612
56555 9 34379203.1504 71.1933319502527
56556 9 34384448.5264 70.9523246575699
56557 9 34389693.9023 70.7103849465281
56558 9 34394939.2783 70.4675792223429
56559 9 34400184.6543 70.2239738902299
56560 9 34405430.0303 69.9796353554044
56561 9 34410675.4062 69.7346300230819
56562 9 34415920.7822 69.4890242984781
56563 9 34421166.1582 69.2428845868082
56564 9 34426411.5342 68.996277293288
56565 9 34431656.9102 68.7492688231328
114846 4 21966657.877 69.1452853833148
114847 4 21971191.6992 70.6144560399688
114848 4 21975725.5215 72.0768744734953
114849 4 21980259.3438 73.5320923575322
114850 4 21984793.166 74.9796613657171
114851 4 21989326.9883 76.4191331716876
114852 4 21993860.8105 77.8500594490813
114853 4 21998394.6328 79.2719918715361
114854 4 22002928.4551 80.6844821126894
114855 4 22007462.2773 82.0870818461791
114856 4 22011996.0996 83.4793427456427
114857 4 22016529.9219 84.8608164847179
114858 4 22021063.7441 86.2310547370425
114859 4 22025597.5664 87.589609176254
114860 4 22030131.3887 88.9360314759901
114861 4 22034665.2109 90.2698733098885
114862 4 22039199.0332 91.5906863515868
114863 4 22043732.8555 92.8980222747228
114864 4 22048266.6777 94.191432752934
114865 4 22052800.5 95.4704694598582
114866 4 22057334.3223 96.734684069133
114867 4 22061868.1445 97.9836282543961
114868 4 22066401.9668 99.2168536892851
114869 4 22070935.7891 100.433912047438
114870 4 22075469.6113 101.634355002492
114871 4 22080003.4336 102.817734228085
114872 4 22084537.2559 103.983601397854
114873 4 22089071.0781 105.131508185438
114874 4 22093604.9004 106.261006264473
114875 4 22098138.7227 107.371647308599
114876 4 22102672.5449 108.462982991451
114877 4 22107206.3672 109.534564986668
114878 4 22111740.1895 110.585944967888
114879 4 22116274.0117 111.616674608749
114880 4 22120807.834 112.626305582887
114881 4 22125341.6562 113.614389563941
114882 4 22129875.4785 114.580478225548
114883 4 22134409.3008 115.524123241346
114884 4 22138943.123 116.444876284972
114885 4 22143476.9453 117.342289030065
114886 4 22148010.7676 118.215913150262
114887 4 22152544.5898 119.0653003192
114888 4 22157078.4121 119.890002210518
114889 4 22161612.2344 120.689570497852
114890 4 22166146.0566 121.463556854841
114891 4 22170679.8789 122.211512955123
114892 4 22175213.7012 122.932990472334
114893 4 22179747.5234 123.627541080113
114894 4 22184281.3457 124.321939893118
114895 4 22188815.168 125.042945998755
114896 4 22193348.9902 125.790087029779
114897 4 22197882.8125 126.562890618947
114898 4 22202416.6348 127.360884399016
114899 4 22206950.457 128.183596002742
114900 4 22211484.2793 129.030553062881
114901 4 22216018.1016 129.901283212189
114902 4 22220551.9238 130.795314083423
114903 4 22225085.7461 131.712173309339
114904 4 22229619.5684 132.651388522693
114905 4 22234153.3906 133.612487356242
114906 4 22238687.2129 134.594997442742
114907 4 22243221.0352 135.59844641495
114908 4 22247754.8574 136.622361905622
114909 4 22252288.6797 137.666271547514
114910 4 22256822.502 138.729702973382
114911 4 22261356.3242 139.812183815983
114912 4 22265890.1465 140.913241708073
114913 4 22270423.9688 142.032404282409
114914 4 22274957.791 143.169199171746
114915 4 22279491.6133 144.323154008842
114916 4 22284025.4355 145.493796426452
114917 4 22288559.2578 146.680654057333
114918 4 22293093.0801 147.883254534242
114919 4 22297626.9023 149.101125489934
114920 4 22302160.7246 150.333794557166
114921 4 22306694.5469 151.580789368694
114922 4 22311228.3691 152.841637557274
114923 4 22315762.1914 154.115866755664
114924 4 22320296.0137 155.403004596619
114925 4 22324829.8359 156.702578712895
114926 4 22329363.6582 158.01411673725
114927 4 22333897.4805 159.337146302438
114928 4 22338431.3027 160.671195041218
114929 4 22342965.125 162.015790586344
114930 4 22347498.9473 163.370460570574
114931 4 22352032.7695 164.734732626663
114932 4 22356566.5918 166.108134387368
114933 4 22361100.4141 167.490193485446
114934 4 22365634.2363 168.880437553652
114935 4 22370168.0586 170.278394224743
114936 4 22374701.8809 171.683591131476
114937 4 22379235.7031 173.095555906606
114938 4 22383769.5254 174.51381618289
114939 4 22388303.3477 175.937899593085
114940 4 22392837.1699 177.367333769946
114941 4 22397370.9922 178.801646346231
114942 4 22401904.8145 180.240364954695
114943 4 22406438.6367 181.683017228094
114944 4 22410972.459 183.129130799186
114945 4 22415506.2812 184.578233300726
114946 4 22420040.1035 186.029852365471
114947 4 22424573.9258 187.483515626177
114948 4 22429107.748 188.938750715601
114949 4 22433641.5703 190.395085266498
114950 4 22438175.3926 191.852046911625
114951 4 22442709.2148 193.309163283739
114952 4 22447243.0371 194.765962015596
114953 4 22451776.8594 196.221970739952
114954 4 22456310.6816 197.676717089563
114955 4 22460844.5039 199.129728697186
114956 4 22465378.3262 200.580533195577
114957 4 22469912.1484 202.028658217493
114958 4 22474445.9707 203.47363139569
114959 4 22478979.793 204.914980362924
114960 4 22483513.6152 206.352232751951
114961 4 22488047.4375 207.784916195529
114962 4 22492581.2598 209.212558326412
114963 4 22497115.082 210.634686777358
114964 4 22501648.9043 212.050829181123
114965 4 22506182.7266 213.460513170463
114966 4 22510716.5488 214.863266378135
114967 4 22515250.3711 216.258616436895
114968 4 22519784.1934 217.646090979499
114969 4 22524318.0156 219.025217638704
114970 4 22528851.8379 220.395524047265
114971 4 22533385.6602 221.75653783794
114972 4 22537919.4824 223.107786643485
114973 4 22542453.3047 224.448798096655
114974 4 22546987.127 225.779099830208
114975 4 22551520.9492 227.0982194769
114976 4 22556054.7715 228.405684669486
114977 4 22560588.5938 229.701023040724
114978 4 22565122.416 230.98376222337
114979 4 22569656.2383 232.253429850179
114980 4 22574190.0605 233.509553553909
114981 4 22578723.8828 234.751660967316
114982 4 22583257.7051 235.979279723155
114983 4 22587791.5273 237.191937454184
114984 4 22592325.3496 238.389161793159
114985 4 22596859.1719 239.570480372836
114986 4 22601392.9941 240.735420825971
114987 4 22605926.8164 241.883510785321
114988 4 22610460.6387 243.014277883642
114989 4 22614994.4609 244.127249753691
114990 4 22619528.2832 245.221954028223
114991 4 22624062.1055 246.297918339995
114992 4 22628595.9277 247.354670321764
114993 4 22633129.75 248.391737606286
114994 4 22637663.5723 249.408647826317
114995 4 22642197.3945 250.404928614613
114996 4 22646731.2168 251.380107603931
114997 4 22651265.0391 252.333712427027
114998 4 22655798.8613 253.265270716658
114999 4 22660332.6836 254.174310105579
115000 4 22664866.5059 255.060358226548
115001 4 22669400.3281 255.922942712321
115002 4 22673934.1504 256.761591195653
115003 4 22678467.9727 257.575831309301
115004 4 22683001.7949 258.365190686022
115005 4 22687535.6172 259.129196958572
115006 4 22692069.4395 259.867377759707
115007 4 22696603.2617 260.579260722183
115008 4 22701137.084 261.264373478758
115009 4 22705670.9062 261.922243662187
115010 4 22710204.7285 262.552398905226
115011 4 22714738.5508 263.154366840632
115012 4 22719272.373 263.727675101162
115013 4 22723806.1953 264.271851319571
115014 4 22728340.0176 264.786423128616
115015 4 22732873.8398 265.270918161054
115016 4 22737407.6621 265.72486404964
115017 4 22741941.4844 266.147788427131
115018 4 22746475.3066 266.539218926283
115019 4 22751009.1289 266.898683179854
115020 4 22755542.9512 267.225708820598
115021 4 22760076.7734 267.535103816453
115022 4 22764610.5957 267.841976879136
115023 4 22769144.418 268.146306757071
115024 4 22773678.2402 268.448072198682
115025 4 22778212.0625 268.747251952394
115026 4 22782745.8848 269.043824766631
115027 4 22787279.707 269.337769389817
115028 4 22791813.5293 269.629064570376
115029 4 22796347.3516 269.917689056734
115030 4 22800881.1738 270.203621597314
115031 4 22805414.9961 270.486840940541
115032 4 22809948.8184 270.767325834839
115033 4 22814482.6406 271.045055028632
115034 4 22819016.4629 271.320007270346
115035 4 22823550.2852 271.592161308403
115036 4 22828084.1074 271.861495891229
115037 4 22832617.9297 272.127989767247
115038 4 22837151.752 272.391621684883
115039 4 22841685.5742 272.652370392561
115040 4 22846219.3965 272.910214638705
115041 4 22850753.2188 273.165133171738
115042 4 22855287.041 273.417104740087
115043 4 22859820.8633 273.666108092174
115044 4 22864354.6855 273.912121976425
115045 4 22868888.5078 274.155125141264
115046 4 22873422.3301 274.395096335114
115047 4 22877956.1523 274.632014306401
115048 4 22882489.9746 274.865857803549
115049 4 22887023.7969 275.096605574982
115050 4 22891557.6191 275.324236369125
115051 4 22896091.4414 275.548728934401
115052 4 22900625.2637 275.770062019236
115053 4 22905159.0859 275.988214372053
115054 4 22909692.9082 276.203164741277
115055 4 22914226.7305 276.414891875333
115056 4 22918760.5527 276.623374522644
115057 4 22923294.375 276.828591431635
115058 4 22927828.1973 277.03052135073
115059 4 22932362.0195 277.229143028355
115060 4 22936895.8418 277.424435212932
115061 4 22941429.6641 277.616376652887
115062 4 22945963.4863 277.804946096643
115063 4 22950497.3086 277.990122292626
115064 4 22955031.1309 278.171883989259
115065 4 22959564.9531 278.350209934967
115066 4 22964098.7754 278.525078878174
115067 4 22968632.5977 278.696469567305
115068 4 22973166.4199 278.864360750784
115069 4 22977700.2422 279.028731177035
115070 4 22982234.0645 279.189559594482
115071 4 22986767.8867 279.346824751551
115072 4 22991301.709 279.500505396665
115073 4 22995835.5312 279.650580278249
115074 4 23000369.3535 279.797028144727
115075 4 23004903.1758 279.939827744523
115076 4 23009436.998 280.078957826062
115077 4 23013970.8203 280.214397137768
115078 4 23018504.6426 280.346124428065
115079 4 23023038.4648 280.474118445379
115080 4 23027572.2871 280.598357938133
115081 4 23032106.1094 280.718821654751
115082 4 23036639.9316 280.835488343658
115083 4 23041173.7539 280.948336753279
115084 4 23045707.5762 281.057345632037
115085 4 23050241.3984 281.162493728357
115086 4 23054775.2207 281.263759790663
115087 4 23059309.043 281.36112256738
115088 4 23063842.8652 281.454560806932
115089 4 23068376.6875 281.544053257744
115090 4 23072910.5098 281.629578668239
115091 4 23077444.332 281.711115786843
115092 4 23081978.1543 281.788643361979
115093 4 23086511.9766 281.862140142072
115094 4 23091045.7988 281.931584875546
115095 4 23095579.6211 281.996956310825
115096 4 23100113.4434 282.058233196335
115097 4 23104647.2656 282.115394280499
115098 4 23109181.0879 282.168418311741
115099 4 23113714.9102 282.217284038487
115100 4 23118248.7324 282.261970209159
115101 4 23122782.5547 282.302455572184
115102 4 23127316.377 282.338718875984
115103 4 23131850.1992 282.370738868985
115104 4 23136384.0215 282.398494299611
115105 4 23140917.8438 282.421963916286
115106 4 23145451.666 282.441126467434
115107 4 23149985.4883 282.45596070148
115108 4 23154519.3105 282.466445366848
115109 4 23159053.1328 282.472559211963
115110 4 23163586.9551 282.474280985249
115111 4 23168120.7773 282.47158943513
115112 4 23172654.5996 282.46446331003
115113 4 23177188.4219 282.452881358375
115114 4 23181722.2441 282.436822328588
115115 4 23186256.0664 282.416264969094
115116 4 23190789.8887 282.391188028316
115117 4 23195323.7109 282.36157025468
115118 4 23199857.5332 282.32739039661
115119 4 23204391.3555 282.28862720253
115120 4 23208925.1777 282.245259420864
115121 4 23213459 282.197265800038
115122 4 23217992.8223 282.144625088474
115123 4 23222526.6445 282.087316034598
115124 4 23227060.4668 282.025317386834
115125 4 23231594.2891 281.958607893606
115126 4 23236128.1113 281.887166303339
115127 4 23240661.9336 281.810971364457
115128 4 23245195.7559 281.730001825384
115129 4 23249729.5781 281.644236434544
115130 4 23254263.4004 281.553653940363
115131 4 23258797.2227 281.458233091264
115132 4 23263331.0449 281.357952635672
115133 4 23267864.8672 281.252791322011
115134 4 23272398.6895 281.142727898705
115135 4 23276932.5117 281.02774111418
115136 4 23281466.334 280.907809716858
115137 4 23286000.1562 280.782912455165
115138 4 23290533.9785 280.653028077525
115139 4 23295067.8008 280.518135332362
115140 4 23299601.623 280.378212968101
115141 4 23304135.4453 280.233239733166
115142 4 23308669.2676 280.083194375981
115143 4 23313203.0898 279.92805564497
115144 4 23317736.9121 279.767802288559
115145 4 23322270.7344 279.602413055171
115146 4 23326804.5566 279.431866693231
115147 4 23331338.3789 279.256141951163
115148 4 23335872.2012 279.064526174722
115149 4 23340406.0234 278.846567440835
115150 4 23344939.8457 278.60263559468
115151 4 23349473.668 278.333100481438
115152 4 23354007.4902 278.038331946288
115153 4 23358541.3125 277.71869983441
115154 4 23363075.1348 277.374573990985
115155 4 23367608.957 277.006324261191
115156 4 23372142.7793 276.614320490209
115157 4 23376676.6016 276.198932523218
115158 4 23381210.4238 275.760530205398
115159 4 23385744.2461 275.299483381929
115160 4 23390278.0684 274.816161897991
115161 4 23394811.8906 274.310935598764
115162 4 23399345.7129 273.784174329427
115163 4 23403879.5352 273.236247935159
115164 4 23408413.3574 272.667526261142
115165 4 23412947.1797 272.078379152555
115166 4 23417481.002 271.469176454577
115167 4 23422014.8242 270.840288012388
115168 4 23426548.6465 270.192083671168
115169 4 23431082.4688 269.524933276098
115170 4 23435616.291 268.839206672355
115171 4 23440150.1133 268.135273705122
115172 4 23444683.9355 267.413504219576
115173 4 23449217.7578 266.674268060899
115174 4 23453751.5801 265.917935074269
115175 4 23458285.4023 265.144875104867
115176 4 23462819.2246 264.355457997873
115177 4 23467353.0469 263.550053598465
115178 4 23471886.8691 262.729031751825
115179 4 23476420.6914 261.892762303131
115180 4 23480954.5137 261.041615097564
115181 4 23485488.3359 260.175959980303
115182 4 23490022.1582 259.296166796529
115183 4 23494555.9805 258.40260539142
115184 4 23499089.8027 257.495645610157
115185 4 23503623.625 256.57565729792
115186 4 23508157.4473 255.643010299888
115187 4 23512691.2695 254.698074461241
115188 4 23517225.0918 253.741219627159
115189 4 23521758.9141 252.772815642821
115190 4 23526292.7363 251.793232353409
115191 4 23530826.5586 250.8028396041
115192 4 23535360.3809 249.802007240075
115193 4 23539894.2031 248.791105106515
115194 4 23544428.0254 247.770503048598
115195 4 23548961.8477 246.740570911504
115196 4 23553495.6699 245.701678540414
115197 4 23558029.4922 244.654195780506
115198 4 23562563.3145 243.598492476962
115199 4 23567097.1367 242.53493847496
115200 4 23571630.959 241.463903619681
115201 4 23576164.7812 240.385757756303
115202 4 23580698.6035 239.300870730008
115203 4 23585232.4258 238.209612385974
115204 4 23589766.248 237.112352569382
115205 4 23594300.0703 236.009461125412
115206 4 23598833.8926 234.901307899242
115207 4 23603367.7148 233.788262736053
115208 4 23607901.5371 232.670695481026
115209 4 23612435.3594 231.548975979338
115210 4 23616969.1816 230.423474076171
115211 4 23621503.0039 229.294559616704
115212 4 23626036.8262 228.162602446117
115213 4 23630570.6484 227.02797240959
115214 4 23635104.4707 225.891039352302
115215 4 23639638.293 224.752173119434
115216 4 23644172.1152 223.611743556164
115217 4 23648705.9375 222.470120507673
115218 4 23653239.7598 221.327673819141
115219 4 23657773.582 220.184773335748
115220 4 23662307.4043 219.041788902673
115221 4 23666841.2266 217.899090365095
115222 4 23671375.0488 216.757047568196
115223 4 23675908.8711 215.616030357154
115224 4 23680442.6934 214.476408577149
115225 4 23684976.5156 213.338552073362
115226 4 23689510.3379 212.202830690972
115227 4 23694044.1602 211.069614275158
115228 4 23698577.9824 209.939272671101
115229 4 23703111.8047 208.81217572398
115230 4 23707645.627 207.688693278976
115231 4 23712179.4492 206.569195181267
115232 4 23716713.2715 205.454051276034
115233 4 23721247.0938 204.343631408457
115234 4 23725780.916 203.238305423715
115235 4 23730314.7383 202.138443166988
115236 4 23734848.5605 201.044414483456
115237 4 23739382.3828 199.956589218298
115238 4 23743916.2051 198.875337216695
115239 4 23748450.0273 197.801028323827
115240 4 23752983.8496 196.734032384872
115241 4 23757517.6719 195.674719245011
115242 4 23762051.4941 194.623458749424
115243 4 23766585.3164 193.580620743291
115244 4 23771119.1387 192.54657507179
115245 4 23775652.9609 191.521691580103
115246 4 23780186.7832 190.506340113408
115247 4 23784720.6055 189.500890516886
115248 4 23789254.4277 188.505712635717
115249 4 23793788.25 187.521176315079
115250 4 23798322.0723 186.547651400154
115251 4 23802855.8945 185.58550773612
115252 4 23807389.7168 184.635115168158
115253 4 23811923.5391 183.696843541447
115254 4 23816457.3613 182.771062701167
115255 4 23820991.1836 181.858142492499
115256 4 23825525.0059 180.958452760621
115257 4 23830058.8281 180.072363350713
115258 4 23834592.6504 179.200244107956
115259 4 23839126.4727 178.342464877529
115260 4 23843660.2949 177.499395504612
115261 4 23848194.1172 176.671405834384
115262 4 23852727.9395 175.858865712026
115263 4 23857261.7617 175.062144982717
115264 4 23861795.584 174.281613491637
115265 4 23866329.4062 173.517641083966
115266 4 23870863.2285 172.770597604884
115267 4 23875397.0508 172.04085289957
115268 4 23879930.873 171.328776813205
115269 4 23884464.6953 170.634739190967
115270 4 23888998.5176 169.959109878037
115271 4 23893532.3398 169.302258719595
115272 4 23898066.1621 168.66455556082
115273 4 23902599.9844 168.046370246893
115274 4 23907133.8066 167.448072622992
115275 4 23911667.6289 166.843428527166
115276 4 23916201.4512 166.206303163953
115277 4 23920735.2734 165.537215428267
115278 4 23925269.0957 164.836684215025
115279 4 23929802.918 164.105228419142
115280 4 23934336.7402 163.343366935533
115281 4 23938870.5625 162.551618659113
115282 4 23943404.3848 161.730502484797
115283 4 23947938.207 160.880537307502
115284 4 23952472.0293 160.002242022143
115285 4 23957005.8516 159.096135523634
115286 4 23961539.6738 158.162736706891
115287 4 23966073.4961 157.20256446683
115288 4 23970607.3184 156.216137698366
115289 4 23975141.1406 155.203975296414
115290 4 23979674.9629 154.166596155889
115291 4 23984208.7852 153.104519171707
115292 4 23988742.6074 152.018263238784
115293 4 23993276.4297 150.908347252034
115294 4 23997810.252 149.775290106373
115295 4 24002344.0742 148.619610696716
115296 4 24006877.8965 147.441827917979
115297 4 24011411.7188 146.242460665077
115298 4 24015945.541 145.022027832926
115299 4 24020479.3633 143.78104831644
115300 4 24025013.1855 142.520041010535
115301 4 24029547.0078 141.239524810126
115302 4 24034080.8301 139.940018610129
115303 4 24038614.6523 138.622041305459
115304 4 24043148.4746 137.286111791032
115305 4 24047682.2969 135.932748961762
115306 4 24052216.1191 134.562471712566
115307 4 24056749.9414 133.175798938358
115308 4 24061283.7637 131.773249534054
115309 4 24065817.5859 130.355342394569
115310 4 24070351.4082 128.922596414818
115311 4 24074885.2305 127.475530489717
115312 4 24079419.0527 126.014663514182
115313 4 24083952.875 124.540514383127
115314 4 24088486.6973 123.053601991468
115315 4 24093020.5195 121.554445234121
115316 4 24097554.3418 120.043563006
115317 4 24102088.1641 118.521474202021
115318 4 24106621.9863 116.988697717099
115319 4 24111155.8086 115.44575244615
115320 4 24115689.6309 113.893157284089
115321 4 24120223.4531 112.331431125831
115322 4 24124757.2754 110.761092866292
115323 4 24129291.0977 109.182661400387
115324 4 24133824.9199 107.596655623031
115325 4 24138358.7422 106.003594429141
115326 4 24142892.5645 104.40399671363
115327 4 24147426.3867 102.798381371415
115328 4 24151960.209 101.18726729741
115329 4 24156494.0312 99.5711733865321
115330 4 24161027.8535 97.9506185336954
115331 4 24165561.6758 96.3261216338155
115332 4 24170095.498 94.6982015818078
115333 4 24174629.3203 93.0673772725876
115334 4 24179163.1426 91.4341676010704
115335 4 24183696.9648 89.7990914621714
115336 4 24188230.7871 88.162667750806
115337 4 24192764.6094 86.5254153618895
115338 4 24197298.4316 84.8878531903373
115339 4 24201832.2539 83.2505001310648
115340 4 24206366.0762 81.6138750789873
115341 4 24210899.8984 79.9784969290201
115342 4 24215433.7207 78.3448845760786
115343 4 24219967.543 76.7135569150782
115344 4 24224501.3652 75.0850328409341
115345 4 24229035.1875 73.4598312485618
115346 4 24233569.0098 71.8384710328766
115347 4 24238102.832 70.2214710887938
115348 4 24242636.6543 68.6093503112288
