chr mid sweep_loess
70371 11 1805693.999 755.731202560353
70372 11 1810571.3071 761.18863556278
70373 11 1815448.6152 766.679473615973
70374 11 1820325.9233 772.201995325701
70375 11 1825203.2314 777.754479297732
70376 11 1830080.5396 783.335204137833
70377 11 1834957.8477 788.942448451772
70378 11 1839835.1558 794.574490845318
70379 11 1844712.4639 800.229609924239
70380 11 1849589.772 805.906084294302
70381 11 1854467.0801 811.602192561277
70382 11 1859344.3882 817.316213330929
70383 11 1864221.6963 823.046425209029
70384 11 1869099.0044 828.791106801343
70385 11 1873976.3125 834.548536713639
70386 11 1878853.6206 840.316993551687
70387 11 1883730.9287 846.094755921253
70388 11 1888608.2368 851.880102428106
70389 11 1893485.5449 857.671311678014
70390 11 1898362.853 863.466662276744
70391 11 1903240.1611 869.264432830066
70392 11 1908117.4692 875.062901943745
70393 11 1912994.7773 880.860348223552
70394 11 1917872.0854 886.655050275254
70395 11 1922749.3936 892.445286704619
70396 11 1927626.7017 898.229336117414
70397 11 1932504.0098 904.005477119409
70398 11 1937381.3179 909.77198831637
70399 11 1942258.626 915.527148314066
70400 11 1947135.9341 921.269235718265
70401 11 1952013.2422 926.996529134735
70402 11 1956890.5503 932.707307169244
70403 11 1961767.8584 938.39984842756
70404 11 1966645.1665 944.072431515451
70405 11 1971522.4746 949.723335038685
70406 11 1976399.7827 955.35083760303
70407 11 1981277.0908 960.953217814254
70408 11 1986154.3989 966.528754278125
70409 11 1991031.707 972.075725600411
70410 11 1995909.0151 977.592410386881
70411 11 2000786.3232 983.077087243301
70412 11 2005663.6313 988.52803477544
70413 11 2010540.9395 993.943531589067
70414 11 2015418.2476 999.321856289949
70415 11 2020295.5557 1004.66128748385
70416 11 2025172.8638 1009.96010377655
70417 11 2030050.1719 1015.2165837738
70418 11 2034927.48 1020.42900608139
70419 11 2039804.7881 1025.59564930507
70420 11 2044682.0962 1030.71479205061
70421 11 2049559.4043 1035.78471292378
70422 11 2054436.7124 1040.80369053035
70423 11 2059314.0205 1045.77000347609
70424 11 2064191.3286 1050.68193036676
70425 11 2069068.6367 1055.53774980814
70426 11 2073945.9448 1060.33574040599
70427 11 2078823.2529 1065.07418076608
70428 11 2083700.561 1069.75134949417
70429 11 2088577.8691 1074.36552519604
70430 11 2093455.1772 1078.91498647746
70431 11 2098332.4854 1083.39801194418
70432 11 2103209.7935 1087.81288020199
70433 11 2108087.1016 1092.15786985664
70434 11 2112964.4097 1096.43125951391
70435 11 2117841.7178 1100.63132777956
70436 11 2122719.0259 1104.75635325936
70437 11 2127596.334 1108.80461455908
70438 11 2132473.6421 1112.77439028449
70439 11 2137350.9502 1116.66395904136
70440 11 2142228.2583 1120.47159943545
70441 11 2147105.5664 1124.19559007253
70442 11 2151982.8745 1127.83420955837
70443 11 2156860.1826 1131.38573649873
70444 11 2161737.4907 1134.8484494994
70445 11 2166614.7988 1138.22062716612
70446 11 2171492.1069 1141.50054810468
70447 11 2176369.415 1144.68649092084
70448 11 2181246.7231 1147.77673422037
70449 11 2186124.0312 1150.76955660903
70450 11 2191001.3394 1153.66323669259
70451 11 2195878.6475 1156.45605307683
70452 11 2200755.9556 1159.14628436751
70453 11 2205633.2637 1161.73220917039
70454 11 2210510.5718 1164.21210609125
70455 11 2215387.8799 1166.58425373585
70456 11 2220265.188 1168.84693070997
70457 11 2225142.4961 1170.99841561936
70458 11 2230019.8042 1173.03698706981
70459 11 2234897.1123 1174.96092366707
70460 11 2239774.4204 1176.76850401691
70461 11 2244651.7285 1178.52515551728
70462 11 2249529.0366 1180.29709597263
70463 11 2254406.3447 1182.08378959853
70464 11 2259283.6528 1183.88470061052
70465 11 2264160.9609 1185.69929322415
70466 11 2269038.269 1187.52703165499
70467 11 2273915.5771 1189.36738011857
70468 11 2278792.8853 1191.21980283045
70469 11 2283670.1934 1193.08376400619
70470 11 2288547.5015 1194.95872786133
70471 11 2293424.8096 1196.84415861143
70472 11 2298302.1177 1198.73952047205
70473 11 2303179.4258 1200.64427765872
70474 11 2308056.7339 1202.55789438701
70475 11 2312934.042 1204.47983487247
70476 11 2317811.3501 1206.40956333065
70477 11 2322688.6582 1208.3465439771
70478 11 2327565.9663 1210.29024102737
70479 11 2332443.2744 1212.24011869702
70480 11 2337320.5825 1214.1956412016
70481 11 2342197.8906 1216.15627275665
70482 11 2347075.1987 1218.12147757775
70483 11 2351952.5068 1220.09071988042
70484 11 2356829.8149 1222.06346388023
70485 11 2361707.123 1224.03917379274
70486 11 2366584.4312 1226.01731383348
70487 11 2371461.7393 1227.99734821802
70488 11 2376339.0474 1229.9787411619
70489 11 2381216.3555 1231.96095688068
70490 11 2386093.6636 1233.94345958991
70491 11 2390970.9717 1235.92571350515
70492 11 2395848.2798 1237.90718284194
70493 11 2400725.5879 1239.88733181584
70494 11 2405602.896 1241.86562464239
70495 11 2410480.2041 1243.84152553716
70496 11 2415357.5122 1245.81449871569
70497 11 2420234.8203 1247.78400839354
70498 11 2425112.1284 1249.74951878625
70499 11 2429989.4365 1251.71049410939
70500 11 2434866.7446 1253.6663985785
70501 11 2439744.0527 1255.61669640913
70502 11 2444621.3608 1257.56085181684
70503 11 2449498.6689 1259.49832901718
70504 11 2454375.9771 1261.4285922257
70505 11 2459253.2852 1263.35110565795
70506 11 2464130.5933 1265.26533352949
70507 11 2469007.9014 1267.17074005587
70508 11 2473885.2095 1269.06678945264
70509 11 2478762.5176 1270.95294593535
70510 11 2483639.8257 1272.82867371956
70511 11 2488517.1338 1274.69343702081
70512 11 2493394.4419 1276.54670005466
70513 11 2498271.75 1278.38792703666
70514 11 2503149.0581 1280.21658218237
70515 11 2508026.3662 1282.03212970733
70516 11 2512903.6743 1283.8340338271
70517 11 2517780.9824 1285.62175875723
70518 11 2522658.2905 1287.39476871327
70519 11 2527535.5986 1289.15252791078
70520 11 2532412.9067 1290.8945005653
70521 11 2537290.2148 1292.6201508924
70522 11 2542167.5229 1294.32894310761
70523 11 2547044.8311 1296.0203414265
70524 11 2551922.1392 1297.69381006461
70525 11 2556799.4473 1299.3488132375
70526 11 2561676.7554 1300.98481516072
70527 11 2566554.0635 1302.60128004983
70528 11 2571431.3716 1304.19767212037
70529 11 2576308.6797 1305.77345558789
70530 11 2581185.9878 1307.32809466795
70531 11 2586063.2959 1308.86105357611
70532 11 2590940.604 1310.37179652791
70533 11 2595817.9121 1311.8597877389
70534 11 2600695.2202 1313.32449142464
70535 11 2605572.5283 1314.76537180068
70536 11 2610449.8364 1316.18189308258
70537 11 2615327.1445 1317.57351948588
70538 11 2620204.4526 1318.93971522613
70539 11 2625081.7607 1320.27994451889
70540 11 2629959.0688 1321.59367157972
70541 11 2634836.377 1322.88036062416
70542 11 2639713.6851 1324.13947586776
70543 11 2644590.9932 1325.37048152608
70544 11 2649468.3013 1326.57284181467
70545 11 2654345.6094 1327.74602094908
70546 11 2659222.9175 1328.88948314487
70547 11 2664100.2256 1330.00269261759
70548 11 2668977.5337 1331.08511358278
70549 11 2673854.8418 1332.136210256
70550 11 2678732.1499 1333.15544685281
70551 11 2683609.458 1334.14228758875
70552 11 2688486.7661 1335.09619667938
70553 11 2693364.0742 1336.01663834025
70554 11 2698241.3823 1336.90307678691
70555 11 2703118.6904 1337.75497623492
70556 11 2707995.9985 1338.57180089982
70557 11 2712873.3066 1339.35301499717
70558 11 2717750.6147 1340.09808274252
70559 11 2722627.9229 1340.80646835143
70560 11 2727505.231 1341.47763603944
70561 11 2732382.5391 1342.1110500221
70562 11 2737259.8472 1342.70617451498
70563 11 2742137.1553 1343.26247373362
70564 11 2747014.4634 1343.77941189357
70565 11 2751891.7715 1344.25645321039
70566 11 2756769.0796 1344.69306189963
70567 11 2761646.3877 1345.08870217684
70568 11 2766523.6958 1345.44283825757
70569 11 2771401.0039 1345.75493435738
70570 11 2776278.312 1346.02445469181
70571 11 2781155.6201 1346.25086347643
70572 11 2786032.9282 1346.43362492677
70573 11 2790910.2363 1346.5722032584
70574 11 2795787.5444 1346.66606268687
70575 11 2800664.8525 1346.71466742772
70576 11 2805542.1606 1346.71748169652
70577 11 2810419.4688 1346.67396970881
70578 11 2815296.7769 1346.58359568014
70579 11 2820174.085 1346.44582382607
70580 11 2825051.3931 1346.26011836215
70581 11 2829928.7012 1346.02594350393
70582 11 2834806.0093 1345.74276346697
70583 11 2839683.3174 1345.41004246681
70584 11 2844560.6255 1345.02724471901
70585 11 2849437.9336 1344.59383443913
70586 11 2854315.2417 1344.1092758427
70587 11 2859192.5498 1343.57303314529
70588 11 2864069.8579 1342.96132131233
70589 11 2868947.166 1342.25159578634
70590 11 2873824.4741 1341.44518149851
70591 11 2878701.7822 1340.54340338001
70592 11 2883579.0903 1339.54758636204
70593 11 2888456.3984 1338.45905537577
70594 11 2893333.7065 1337.27913535239
70595 11 2898211.0146 1336.00915122309
70596 11 2903088.3228 1334.65042791903
70597 11 2907965.6309 1333.20429037141
70598 11 2912842.939 1331.67206351142
70599 11 2917720.2471 1330.05507227022
70600 11 2922597.5552 1328.35464157902
70601 11 2927474.8633 1326.57209636898
70602 11 2932352.1714 1324.70876157129
70603 11 2937229.4795 1322.76596211714
70604 11 2942106.7876 1320.74502293771
70605 11 2946984.0957 1318.64726896418
70606 11 2951861.4038 1316.47402512773
70607 11 2956738.7119 1314.22661635956
70608 11 2961616.02 1311.90636759083
70609 11 2966493.3281 1309.51460375273
70610 11 2971370.6362 1307.05264977646
70611 11 2976247.9443 1304.52183059318
70612 11 2981125.2524 1301.92347113409
70613 11 2986002.5605 1299.25889633036
70614 11 2990879.8687 1296.52943111318
70615 11 2995757.1768 1293.73640041373
70616 11 3000634.4849 1290.8811291632
70617 11 3005511.793 1287.96494229277
70618 11 3010389.1011 1284.98916473362
70619 11 3015266.4092 1281.95512141693
70620 11 3020143.7173 1278.86413727389
70621 11 3025021.0254 1275.71753723568
70622 11 3029898.3335 1272.51664623348
70623 11 3034775.6416 1269.26278919848
70624 11 3039652.9497 1265.95729106186
70625 11 3044530.2578 1262.60147675481
70626 11 3049407.5659 1259.1966712085
70627 11 3054284.874 1255.74419935411
70628 11 3059162.1821 1252.24538612284
70629 11 3064039.4902 1248.70155644587
70630 11 3068916.7983 1245.11403525437
70631 11 3073794.1064 1241.48414747953
70632 11 3078671.4146 1237.81321805254
70633 11 3083548.7227 1234.10257190458
70634 11 3088426.0308 1230.35353396682
70635 11 3093303.3389 1226.56742917046
70636 11 3098180.647 1222.74558244667
70637 11 3103057.9551 1218.88931872665
70638 11 3107935.2632 1214.99996294157
70639 11 3112812.5713 1211.07884002261
70640 11 3117689.8794 1207.12727490096
70641 11 3122567.1875 1203.1465925078
70642 11 3127444.4956 1199.13811777432
70643 11 3132321.8037 1195.10317563169
70644 11 3137199.1118 1191.04309101111
70645 11 3142076.4199 1186.95918884375
70646 11 3146953.728 1182.8527940608
70647 11 3151831.0361 1178.72523159343
70648 11 3156708.3442 1174.57782637284
70649 11 3161585.6523 1170.41190333021
70650 11 3166462.9604 1166.22878739671
70651 11 3171340.2686 1162.02980350354
70652 11 3176217.5767 1157.81627658188
70653 11 3181094.8848 1153.5895315629
70654 11 3185972.1929 1149.35089337779
70655 11 3190849.501 1145.10168695774
70656 11 3195726.8091 1140.84323723392
70657 11 3200604.1172 1136.57686913753
70658 11 3205481.4253 1132.30390759973
70659 11 3210358.7334 1128.02567755173
70660 11 3215236.0415 1123.7435039247
70661 11 3220113.3496 1119.45871164981
70662 11 3224990.6577 1115.17262565827
70663 11 3229867.9658 1110.88657088124
70664 11 3234745.2739 1106.60187224992
70665 11 3239622.582 1102.31985469548
70666 11 3244499.8901 1098.04184314911
70667 11 3249377.1982 1093.76916254199
70668 11 3254254.5063 1089.5031378053
70669 11 3259131.8145 1085.24509387023
70670 11 3264009.1226 1080.99635566796
70671 11 3268886.4307 1076.75824812968
70672 11 3273763.7388 1072.53209618656
70673 11 3278641.0469 1068.31922476979
70674 11 3283518.355 1064.12095881055
70675 11 3288395.6631 1059.93862324003
70676 11 3293272.9712 1055.77354298941
70677 11 3298150.2793 1051.62704298987
70678 11 3303027.5874 1047.50044817259
70679 11 3307904.8955 1043.39508346877
70680 11 3312782.2036 1039.31227380957
70681 11 3317659.5117 1035.25334412619
70682 11 3322536.8198 1031.2196193498
70683 11 3327414.1279 1027.2124244116
70684 11 3332291.436 1023.23308424275
70685 11 3337168.7441 1019.28292377446
70686 11 3342046.0522 1015.36326793789
70687 11 3346923.3604 1011.47544166424
70688 11 3351800.6685 1007.62076988468
70689 11 3356677.9766 1003.8005775304
70690 11 3361555.2847 1000.01618953258
70691 11 3366432.5928 996.268930822406
70692 11 3371309.9009 992.56012633106
70693 11 3376187.209 988.891100989724
70694 11 3381064.5171 985.263179729582
70695 11 3385941.8252 981.677687481817
70696 11 3390819.1333 978.135949177612
70697 11 3395696.4414 974.63928974815
70698 11 3400573.7495 971.189034124613
70699 11 3405451.0576 967.786507238186
70700 11 3410328.3657 964.433034020051
70701 11 3415205.6738 961.129939401391
70702 11 3420082.9819 957.87854831339
70703 11 3424960.29 954.68018568723
70704 11 3429837.5981 951.536176454094
70705 11 3434714.9062 948.447845545165
70706 11 3439592.2144 945.416517891627
70707 11 3444469.5225 942.443518424663
70708 11 3449346.8306 939.530172075455
70709 11 3454224.1387 936.677803775187
70710 11 3459101.4468 933.887738455041
70711 11 3463978.7549 931.161301046202
70712 11 3468856.063 928.499816479851
70713 11 3473733.3711 925.904609687172
70714 11 3478610.6792 923.377005599348
70715 11 3483487.9873 920.83275346733
70716 11 3488365.2954 918.18777236984
70717 11 3493242.6035 915.443641979716
70718 11 3498119.9116 912.601941969798
70719 11 3502997.2197 909.664252012924
70720 11 3507874.5278 906.632151781933
70721 11 3512751.8359 903.507220949665
70722 11 3517629.144 900.291039188956
70723 11 3522506.4521 896.985186172648
70724 11 3527383.7603 893.591241573578
70725 11 3532261.0684 890.110785064585
70726 11 3537138.3765 886.545396318509
70727 11 3542015.6846 882.896655008187
70728 11 3546892.9927 879.166140806459
70729 11 3551770.3008 875.355433386164
70730 11 3556647.6089 871.46611242014
70731 11 3561524.917 867.499757581227
70732 11 3566402.2251 863.457948542263
70733 11 3571279.5332 859.342264976086
70734 11 3576156.8413 855.154286555537
70735 11 3581034.1494 850.895592953453
70736 11 3585911.4575 846.567763842674
70737 11 3590788.7656 842.172378896039
70738 11 3595666.0737 837.711017786385
70739 11 3600543.3818 833.185260186553
70740 11 3605420.6899 828.59668576938
70741 11 3610297.998 823.946874207706
70742 11 3615175.3062 819.23740517437
70743 11 3620052.6143 814.46985834221
70744 11 3624929.9224 809.645813384065
70745 11 3629807.2305 804.766849972774
70746 11 3634684.5386 799.834547781177
70747 11 3639561.8467 794.850486482111
70748 11 3644439.1548 789.816245748416
70749 11 3649316.4629 784.73340525293
70750 11 3654193.771 779.603544668493
70751 11 3659071.0791 774.428243667942
70752 11 3663948.3872 769.209081924118
70753 11 3668825.6953 763.947639109858
70754 11 3673703.0034 758.645494898002
70755 11 3678580.3115 753.304228961388
74967 11 24221802.0518 754.261982107753
74968 11 24226679.3599 757.858762854785
74969 11 24231556.668 761.443041172221
74970 11 24236433.9761 765.013652698284
74971 11 24241311.2842 768.569433071199
74972 11 24246188.5923 772.109217929191
74973 11 24251065.9004 775.631842910484
74974 11 24255943.2085 779.136143653302
74975 11 24260820.5166 782.62095579587
74976 11 24265697.8247 786.085114976413
74977 11 24270575.1328 789.527456833154
74978 11 24275452.4409 792.946817004319
74979 11 24280329.749 796.342031128132
74980 11 24285207.0571 799.711934842817
74981 11 24290084.3652 803.055363786598
74982 11 24294961.6733 806.3711535977
74983 11 24299838.9814 809.658139914348
74984 11 24304716.2896 812.915158374766
74985 11 24309593.5977 816.141044617179
74986 11 24314470.9058 819.33463427981
74987 11 24319348.2139 822.494763000885
74988 11 24324225.522 825.620266418627
74989 11 24329102.8301 828.709980171262
74990 11 24333980.1382 831.762739897014
74991 11 24338857.4463 834.777381234107
74992 11 24343734.7544 837.752739820765
74993 11 24348612.0625 840.687651295213
74994 11 24353489.3706 843.580951295676
74995 11 24358366.6787 846.431475460378
74996 11 24363243.9868 849.238059427543
74997 11 24368121.2949 851.999538835396
74998 11 24372998.603 854.714749322162
74999 11 24377875.9111 857.382526526064
75000 11 24382753.2192 860.001706085328
75001 11 24387630.5273 862.571123638177
75002 11 24392507.8354 865.089614822836
75003 11 24397385.1436 867.55601527753
75004 11 24402262.4517 869.969160640483
75005 11 24407139.7598 872.327886549919
75006 11 24412017.0679 874.631028644064
75007 11 24416894.376 876.87742256114
75008 11 24421771.6841 879.065903939374
75009 11 24426648.9922 881.195308416989
75010 11 24431526.3003 883.264471632209
75011 11 24436403.6084 885.27222922326
75012 11 24441280.9165 887.217416828366
75013 11 24446158.2246 889.09887008575
75014 11 24451035.5327 890.915424633638
75015 11 24455912.8408 892.665916110255
75016 11 24460790.1489 894.349180153823
75017 11 24465667.457 895.964052402568
75018 11 24470544.7651 897.509368494715
75019 11 24475422.0732 898.983964068488
75020 11 24480299.3813 900.386674762111
75021 11 24485176.6895 901.716336213808
75022 11 24490053.9976 902.971784061805
75023 11 24494931.3057 904.151853944326
75024 11 24499808.6138 905.255381499594
75025 11 24504685.9219 906.281202365835
75026 11 24509563.23 907.228152181273
75027 11 24514440.5381 908.095066584133
75028 11 24519317.8462 908.880781212638
75029 11 24524195.1543 909.584131705014
75030 11 24529072.4624 910.203953699484
75031 11 24533949.7705 910.768825321348
75032 11 24538827.0786 911.308236967572
75033 11 24543704.3867 911.822392683887
75034 11 24548581.6948 912.311496516019
75035 11 24553459.0029 912.775752509699
75036 11 24558336.311 913.215364710654
75037 11 24563213.6191 913.630537164614
75038 11 24568090.9272 914.021473917307
75039 11 24572968.2354 914.388379014461
75040 11 24577845.5435 914.731456501805
75041 11 24582722.8516 915.050910425069
75042 11 24587600.1597 915.34694482998
75043 11 24592477.4678 915.619763762268
75044 11 24597354.7759 915.86957126766
75045 11 24602232.084 916.096571391886
75046 11 24607109.3921 916.300968180674
75047 11 24611986.7002 916.482965679753
75048 11 24616864.0083 916.642767934852
75049 11 24621741.3164 916.780578991698
75050 11 24626618.6245 916.896602896022
75051 11 24631495.9326 916.991043693551
75052 11 24636373.2407 917.064105430014
75053 11 24641250.5488 917.115992151141
75054 11 24646127.8569 917.146907902658
75055 11 24651005.165 917.157056730296
75056 11 24655882.4731 917.146642679782
75057 11 24660759.7812 917.115869796846
75058 11 24665637.0894 917.064942127216
75059 11 24670514.3975 916.994063716621
75060 11 24675391.7056 916.903438610789
75061 11 24680269.0137 916.793270855449
75062 11 24685146.3218 916.66376449633
75063 11 24690023.6299 916.515123579161
75064 11 24694900.938 916.347552149669
75065 11 24699778.2461 916.161254253584
75066 11 24704655.5542 915.956433936635
75067 11 24709532.8623 915.733295244549
75068 11 24714410.1704 915.492042223056
75069 11 24719287.4785 915.232878917884
75070 11 24724164.7866 914.956009374763
75071 11 24729042.0947 914.661637639419
75072 11 24733919.4028 914.349967757583
75073 11 24738796.7109 914.021203774984
75074 11 24743674.019 913.675549737348
75075 11 24748551.3271 913.313209690406
75076 11 24753428.6353 912.934387679886
75077 11 24758305.9434 912.539287751517
75078 11 24763183.2515 912.128113951026
75079 11 24768060.5596 911.701070324144
75080 11 24772937.8677 911.258360916598
75081 11 24777815.1758 910.800189774117
75082 11 24782692.4839 910.32676094243
75083 11 24787569.792 909.838278467266
75084 11 24792447.1001 909.334946394352
75085 11 24797324.4082 908.816968769419
75086 11 24802201.7163 908.284549638194
75087 11 24807079.0244 907.737893046406
75088 11 24811956.3325 907.177203039783
75089 11 24816833.6406 906.602683664056
75090 11 24821710.9487 906.014538964951
75091 11 24826588.2568 905.412972988198
75092 11 24831465.5649 904.798189779526
75093 11 24836342.873 904.170393384662
75094 11 24841220.1812 903.529787849336
75095 11 24846097.4893 902.876577219277
75096 11 24850974.7974 902.210965540212
75097 11 24855852.1055 901.533156857872
75098 11 24860729.4136 900.843355217983
75099 11 24865606.7217 900.141764666276
75100 11 24870484.0298 899.428589248478
75101 11 24875361.3379 898.704033010318
75102 11 24880238.646 897.968299997526
75103 11 24885115.9541 897.221594255829
75104 11 24889993.2622 896.464119830956
75105 11 24894870.5703 895.696080768636
75106 11 24899747.8784 894.917681114598
75107 11 24904625.1865 894.12912491457
75108 11 24909502.4946 893.330616214281
75109 11 24914379.8027 892.522359059459
75110 11 24919257.1108 891.704557495834
75111 11 24924134.4189 890.877415569133
75112 11 24929011.7271 890.041137325086
75113 11 24933889.0352 889.195926809421
75114 11 24938766.3433 888.341988067867
75115 11 24943643.6514 887.479525146153
75116 11 24948520.9595 886.608742090006
75117 11 24953398.2676 885.729842945156
75118 11 24958275.5757 884.843031757332
75119 11 24963152.8838 883.948512572262
75120 11 24968030.1919 883.046489435675
75121 11 24972907.5 882.137166393298
75122 11 24977784.8081 881.220747490863
75123 11 24982662.1162 880.297436774095
75124 11 24987539.4243 879.367438288725
75125 11 24992416.7324 878.430956080482
75126 11 24997294.0405 877.488194195093
75127 11 25002171.3486 876.539356678287
75128 11 25007048.6567 875.584647575793
75129 11 25011925.9648 874.62427093334
75130 11 25016803.2729 873.658430796656
75131 11 25021680.5811 872.68733121147
75132 11 25026557.8892 871.711176223511
75133 11 25031435.1973 870.730169878507
75134 11 25036312.5054 869.744516222187
75135 11 25041189.8135 868.754419300279
75136 11 25046067.1216 867.760083158513
75137 11 25050944.4297 866.761711842617
75138 11 25055821.7378 865.759509398319
75139 11 25060699.0459 864.753679871349
75140 11 25065576.354 863.744427307434
75141 11 25070453.6621 862.731955752304
75142 11 25075330.9702 861.716469251687
75143 11 25080208.2783 860.698171851311
75144 11 25085085.5864 859.677267596907
75145 11 25089962.8945 858.653960534201
75146 11 25094840.2026 857.628454708924
75147 11 25099717.5107 856.600954166802
75148 11 25104594.8188 855.571662953566
75149 11 25109472.127 854.540785114944
75150 11 25114349.4351 853.508524696664
75151 11 25119226.7432 852.475085744455
75152 11 25124104.0513 851.440672304046
75153 11 25128981.3594 850.405488421165
75154 11 25133858.6675 849.369738141541
75155 11 25138735.9756 848.333625510903
75156 11 25143613.2837 847.29735457498
75157 11 25148490.5918 846.261129379499
75158 11 25153367.8999 845.174986947316
75159 11 25158245.208 843.989792441271
75160 11 25163122.5161 842.706992117069
75161 11 25167999.8242 841.328032230415
75162 11 25172877.1323 839.854359037015
75163 11 25177754.4404 838.287418792575
75164 11 25182631.7485 836.6286577528
75165 11 25187509.0566 834.879522173396
75166 11 25192386.3647 833.041458310067
75167 11 25197263.6729 831.11591241852
75168 11 25202140.981 829.10433075446
75169 11 25207018.2891 827.008159573592
75170 11 25211895.5972 824.828845131623
75171 11 25216772.9053 822.567833684257
75172 11 25221650.2134 820.2265714872
75173 11 25226527.5215 817.806504796157
75174 11 25231404.8296 815.309079866835
75175 11 25236282.1377 812.735742954938
75176 11 25241159.4458 810.087940316172
75177 11 25246036.7539 807.367118206242
75178 11 25250914.062 804.574722880855
75179 11 25255791.3701 801.712200595715
75180 11 25260668.6782 798.780997606528
75181 11 25265545.9863 795.782560169
75182 11 25270423.2944 792.718334538836
75183 11 25275300.6025 789.589766971741
75184 11 25280177.9106 786.398303723422
75185 11 25285055.2188 783.145391049582
75186 11 25289932.5269 779.832475205929
75187 11 25294809.835 776.461002448168
75188 11 25299687.1431 773.032419032003
75189 11 25304564.4512 769.548171213141
75190 11 25309441.7593 766.009705247288
75191 11 25314319.0674 762.418467390147
75192 11 25319196.3755 758.775903897426
75193 11 25324073.6836 755.083461024829
75194 11 25328950.9917 751.342585028062
92834 2 12363905.4922 753.922190897158
92835 2 12368269.1094 756.794747734233
92836 2 12372632.7266 759.681146062724
92837 2 12376996.3438 762.580644878952
92838 2 12381359.9609 765.492503179239
92839 2 12385723.5781 768.415979959907
92840 2 12390087.1953 771.350334217278
92841 2 12394450.8125 774.294824947673
92842 2 12398814.4297 777.248711147415
92843 2 12403178.0469 780.211251812826
92844 2 12407541.6641 783.181705940227
92845 2 12411905.2812 786.159332525939
92846 2 12416268.8984 789.143390566286
92847 2 12420632.5156 792.133139057589
92848 2 12424996.1328 795.127836996169
92849 2 12429359.75 798.126743378349
92850 2 12433723.3672 801.129117200451
92851 2 12438086.9844 804.134217458795
92852 2 12442450.6016 807.141303149705
92853 2 12446814.2188 810.149633269501
92854 2 12451177.8359 813.158466814507
92855 2 12455541.4531 816.167062781043
92856 2 12459905.0703 819.174680165432
92857 2 12464268.6875 822.180577963995
92858 2 12468632.3047 825.184015173054
92859 2 12472995.9219 828.184250788932
92860 2 12477359.5391 831.180543807949
92861 2 12481723.1562 834.172153226429
92862 2 12486086.7734 837.158338040692
92863 2 12490450.3906 840.13835724706
92864 2 12494814.0078 843.111469841856
92865 2 12499177.625 846.076934821401
92866 2 12503541.2422 849.034011182018
92867 2 12507904.8594 851.981957920027
92868 2 12512268.4766 854.920034031751
92869 2 12516632.0938 857.847498513512
92870 2 12520995.7109 860.763610361632
92871 2 12525359.3281 863.667628572431
92872 2 12529722.9453 866.558812142233
92873 2 12534086.5625 869.43642006736
92874 2 12538450.1797 872.299711344132
92875 2 12542813.7969 875.147944968872
92876 2 12547177.4141 877.980379937901
92877 2 12551541.0312 880.796275247543
92878 2 12555904.6484 883.594889894117
92879 2 12560268.2656 886.375482873947
92880 2 12564631.8828 889.137313183354
92881 2 12568995.5 891.87963981866
92882 2 12573359.1172 894.601721776187
92883 2 12577722.7344 897.302818052256
92884 2 12582086.3516 899.982187643191
92885 2 12586449.9688 902.639089545311
92886 2 12590813.5859 905.27278275494
92887 2 12595177.2031 907.882526268399
92888 2 12599540.8203 910.467579082009
92889 2 12603904.4375 913.027200192094
92890 2 12608268.0547 915.560648594975
92891 2 12612631.6719 918.067183286973
92892 2 12616995.2891 920.54606326441
92893 2 12621358.9062 922.996547523608
92894 2 12625722.5234 925.41789506089
92895 2 12630086.1406 927.809364872576
92896 2 12634449.7578 930.17021595499
92897 2 12638813.375 932.499707304452
92898 2 12643176.9922 934.797097917285
92899 2 12647540.6094 937.06164678981
92900 2 12651904.2266 939.29261291835
92901 2 12656267.8438 941.489255299225
92902 2 12660631.4609 943.650832928759
92903 2 12664995.0781 945.776604803272
92904 2 12669358.6953 947.865829919087
92905 2 12673722.3125 949.917767272526
92906 2 12678085.9297 951.93167585991
92907 2 12682449.5469 953.906814677561
92908 2 12686813.1641 955.842442721802
92909 2 12691176.7812 957.737818988953
92910 2 12695540.3984 959.592202475337
92911 2 12699904.0156 961.404852177276
92912 2 12704267.6328 963.175027091092
92913 2 12708631.25 964.901986213105
92914 2 12712994.8672 966.58498853964
92915 2 12717358.4844 968.223293067016
92916 2 12721722.1016 969.816158791556
92917 2 12726085.7188 971.362844709582
92918 2 12730449.3359 972.862609817416
92919 2 12734812.9531 974.314713111379
92920 2 12739176.5703 975.718413587794
92921 2 12743540.1875 977.072970242982
92922 2 12747903.8047 978.377642073265
92923 2 12752267.4219 979.631688074965
92924 2 12756631.0391 980.834367244404
92925 2 12760994.6562 981.984938577904
92926 2 12765358.2734 983.082661071786
92927 2 12769721.8906 984.126793722373
92928 2 12774085.5078 985.116595525986
92929 2 12778449.125 986.051325478947
92930 2 12782812.7422 986.930242577578
92931 2 12787176.3594 987.752605818201
92932 2 12791539.9766 988.531783499362
92933 2 12795903.5938 989.281833185108
92934 2 12800267.2109 990.003047770008
92935 2 12804630.8281 990.695720148631
92936 2 12808994.4453 991.360143215546
92937 2 12813358.0625 991.996609865324
92938 2 12817721.6797 992.605412992533
92939 2 12822085.2969 993.186845491743
92940 2 12826448.9141 993.741200257522
92941 2 12830812.5312 994.268770184442
92942 2 12835176.1484 994.769848167071
92943 2 12839539.7656 995.244727099978
92944 2 12843903.3828 995.693699877733
92945 2 12848267 996.117059394905
92946 2 12852630.6172 996.515098546065
92947 2 12856994.2344 996.88811022578
92948 2 12861357.8516 997.23638732862
92949 2 12865721.4688 997.560222749156
92950 2 12870085.0859 997.859909381956
92951 2 12874448.7031 998.13574012159
92952 2 12878812.3203 998.388007862627
92953 2 12883175.9375 998.617005499637
92954 2 12887539.5547 998.823025927189
92955 2 12891903.1719 999.006362039852
92956 2 12896266.7891 999.167306732196
92957 2 12900630.4062 999.306152898791
92958 2 12904994.0234 999.423193434205
92959 2 12909357.6406 999.518721233008
92960 2 12913721.2578 999.59302918977
92961 2 12918084.875 999.64641019906
92962 2 12922448.4922 999.679157155447
92963 2 12926812.1094 999.691562953501
92964 2 12931175.7266 999.683920487791
92965 2 12935539.3438 999.656522652887
92966 2 12939902.9609 999.609662343358
92967 2 12944266.5781 999.543632453773
92968 2 12948630.1953 999.458725878702
92969 2 12952993.8125 999.355235512715
92970 2 12957357.4297 999.23345425038
92971 2 12961721.0469 999.093674986267
92972 2 12966084.6641 998.936190614946
92973 2 12970448.2812 998.761294030985
92974 2 12974811.8984 998.569278128955
92975 2 12979175.5156 998.360435803425
92976 2 12983539.1328 998.135059948964
92977 2 12987902.75 997.893443460142
92978 2 12992266.3672 997.635879231527
92979 2 12996629.9844 997.362660157691
92980 2 13000993.6016 997.0740791332
92981 2 13005357.2188 996.770429052627
92982 2 13009720.8359 996.452002810539
92983 2 13014084.4531 996.119093301506
92984 2 13018448.0703 995.771993420097
92985 2 13022811.6875 995.410996060882
92986 2 13027175.3047 995.036394118431
92987 2 13031538.9219 994.648480487313
92988 2 13035902.5391 994.247548062096
92989 2 13040266.1562 993.833889737352
92990 2 13044629.7734 993.407798407648
92991 2 13048993.3906 992.969566967555
92992 2 13053357.0078 992.519488311641
92993 2 13057720.625 992.057855334477
92994 2 13062084.2422 991.584960930631
92995 2 13066447.8594 991.101097994674
92996 2 13070811.4766 990.606559421174
92997 2 13075175.0938 990.101638104701
92998 2 13079538.7109 989.586626939824
92999 2 13083902.3281 989.061818821113
93000 2 13088265.9453 988.527506643137
93001 2 13092629.5625 987.983983300466
93002 2 13096993.1797 987.431541687669
93003 2 13101356.7969 986.870474699315
93004 2 13105720.4141 986.301075229974
93005 2 13110084.0312 985.723636174215
93006 2 13114447.6484 985.138450426609
93007 2 13118811.2656 984.545810881722
93008 2 13123174.8828 983.946010434127
93009 2 13127538.5 983.339341978391
93010 2 13131902.1172 982.726098409085
93011 2 13136265.7344 982.106572620777
93012 2 13140629.3516 981.481057508038
93013 2 13144992.9688 980.849845965436
93014 2 13149356.5859 980.213230887541
93015 2 13153720.2031 979.571505168922
93016 2 13158083.8203 978.92496170415
93017 2 13162447.4375 978.273893387792
93018 2 13166811.0547 977.618593114419
93019 2 13171174.6719 976.959353778601
93020 2 13175538.2891 976.296468274905
93021 2 13179901.9062 975.630229497903
93022 2 13184265.5234 974.960930342163
93023 2 13188629.1406 974.288863702254
93024 2 13192992.7578 973.614322472747
93025 2 13197356.375 972.93759954821
93026 2 13201719.9922 972.258987823213
93027 2 13206083.6094 971.578780192326
93028 2 13210447.2266 970.897269550118
93029 2 13214810.8438 970.214748791157
93030 2 13219174.4609 969.531510810014
93031 2 13223538.0781 968.847848501259
93032 2 13227901.6953 968.164054759459
93033 2 13232265.3125 967.480422479186
93034 2 13236628.9297 966.797244555008
93035 2 13240992.5469 966.114813881495
93036 2 13245356.1641 965.433423353215
93037 2 13249719.7812 964.75336586474
93038 2 13254083.3984 964.074934310637
93039 2 13258447.0156 963.398421585476
93040 2 13262810.6328 962.724120583828
93041 2 13267174.25 962.05232420026
93042 2 13271537.8672 961.383325329343
93043 2 13275901.4844 960.717416865647
93044 2 13280265.1016 960.054891703739
93045 2 13284628.7188 959.39604273819
93046 2 13288992.3359 958.74116286357
93047 2 13293355.9531 958.090544974448
93048 2 13297719.5703 957.444481965392
93049 2 13302083.1875 956.803266730973
93050 2 13306446.8047 956.16719216576
93051 2 13310810.4219 955.536551164323
93052 2 13315174.0391 954.91163662123
93053 2 13319537.6562 954.292741431051
93054 2 13323901.2734 953.680158488356
93055 2 13328264.8906 953.074180687714
93056 2 13332628.5078 952.475100923694
93057 2 13336992.125 951.883212090866
93058 2 13341355.7422 951.2988070838
93059 2 13345719.3594 950.675555422899
93060 2 13350082.9766 949.967724872525
93061 2 13354446.5938 949.176505693176
93062 2 13358810.2109 948.303088145354
93063 2 13363173.8281 947.34866248956
93064 2 13367537.4453 946.314418986295
93065 2 13371901.0625 945.201547896059
93066 2 13376264.6797 944.011239479354
93067 2 13380628.2969 942.74468399668
93068 2 13384991.9141 941.403071708538
93069 2 13389355.5312 939.987592875429
93070 2 13393719.1484 938.499437757853
93071 2 13398082.7656 936.939796616312
93072 2 13402446.3828 935.309859711306
93073 2 13406810 933.610817303337
93074 2 13411173.6172 931.843859652904
93075 2 13415537.2344 930.010177020509
93076 2 13419900.8516 928.110959666653
93077 2 13424264.4688 926.147397851837
93078 2 13428628.0859 924.12068183656
93079 2 13432991.7031 922.032001881325
93080 2 13437355.3203 919.882548246632
93081 2 13441718.9375 917.673511192982
93082 2 13446082.5547 915.406080980875
93083 2 13450446.1719 913.081447870813
93084 2 13454809.7891 910.700802123296
93085 2 13459173.4062 908.265333998825
93086 2 13463537.0234 905.776233757902
93087 2 13467900.6406 903.234691661026
93088 2 13472264.2578 900.641897968698
93089 2 13476627.875 897.99904294142
93090 2 13480991.4922 895.307316839693
93091 2 13485355.1094 892.567909924016
93092 2 13489718.7266 889.782012454892
93093 2 13494082.3438 886.95081469282
93094 2 13498445.9609 884.075506898302
93095 2 13502809.5781 881.157279331838
93096 2 13507173.1953 878.197322253929
93097 2 13511536.8125 875.196825925077
93098 2 13515900.4297 872.156980605781
93099 2 13520264.0469 869.078976556544
93100 2 13524627.6641 865.964004037864
93101 2 13528991.2812 862.813253310245
93102 2 13533354.8984 859.627914634185
93103 2 13537718.5156 856.409178270187
93104 2 13542082.1328 853.15823447875
93105 2 13546445.75 849.876273520376
93106 2 13550809.3672 846.564485655566
93107 2 13555172.9844 843.22406114482
93108 2 13559536.6016 839.85619024864
93109 2 13563900.2188 836.462063227525
93110 2 13568263.8359 833.042870341978
93111 2 13572627.4531 829.599801852498
93112 2 13576991.0703 826.134048019586
93113 2 13581354.6875 822.646799103744
93114 2 13585718.3047 819.139245365472
93115 2 13590081.9219 815.612577065272
93116 2 13594445.5391 812.067984463642
93117 2 13598809.1562 808.506657821086
93118 2 13603172.7734 804.929787398104
93119 2 13607536.3906 801.338563455195
93120 2 13611900.0078 797.734176252862
93121 2 13616263.625 794.117816051605
93122 2 13620627.2422 790.490673111925
93123 2 13624990.8594 786.853937694322
93124 2 13629354.4766 783.208800059298
93125 2 13633718.0938 779.556450467354
93126 2 13638081.7109 775.898079178989
93127 2 13642445.3281 772.234876454705
93128 2 13646808.9453 768.568032555004
93129 2 13651172.5625 764.898737740384
93130 2 13655536.1797 761.228182271349
93131 2 13659899.7969 757.557556408398
93132 2 13664263.4141 753.888050412032
107554 3 32468701.8857 757.266859731491
107555 3 32473000.6465 763.743240797397
107556 3 32477299.4072 770.303577013182
107557 3 32481598.168 776.945306658947
107558 3 32485896.9287 783.665868014793
107559 3 32490195.6895 790.462699360819
107560 3 32494494.4502 797.333238977127
107561 3 32498793.2109 804.274925143817
107562 3 32503091.9717 811.285196140991
107563 3 32507390.7324 818.361490248748
107564 3 32511689.4932 825.501245747189
107565 3 32515988.2539 832.701900916415
107566 3 32520287.0146 839.960894036527
107567 3 32524585.7754 847.275663387625
107568 3 32528884.5361 854.643647249809
107569 3 32533183.2969 862.062283903182
107570 3 32537482.0576 869.529011627842
107571 3 32541780.8184 877.041268703891
107572 3 32546079.5791 884.596493411429
107573 3 32550378.3398 892.192124030558
107574 3 32554677.1006 899.825598841377
107575 3 32558975.8613 907.494356123988
107576 3 32563274.6221 915.195834158491
107577 3 32567573.3828 922.927471224986
107578 3 32571872.1436 930.686705603574
107579 3 32576170.9043 938.470975574357
107580 3 32580469.665 946.277719417434
107581 3 32584768.4258 954.104375412906
107582 3 32589067.1865 961.948381840874
107583 3 32593365.9473 969.807176981438
107584 3 32597664.708 977.6781991147
107585 3 32601963.4688 985.55888652076
107586 3 32606262.2295 993.446677479717
107587 3 32610560.9902 1001.33901027167
107588 3 32614859.751 1009.23332317673
107589 3 32619158.5117 1017.12705447499
107590 3 32623457.2725 1025.01764244655
107591 3 32627756.0332 1032.90252537151
107592 3 32632054.7939 1040.77914152997
107593 3 32636353.5547 1048.64492920203
107594 3 32640652.3154 1056.4973266678
107595 3 32644951.0762 1064.33377220737
107596 3 32649249.8369 1072.15170410085
107597 3 32653548.5977 1079.94856062833
107598 3 32657847.3584 1087.72178006992
107599 3 32662146.1191 1095.46880070572
107600 3 32666444.8799 1103.18706081582
107601 3 32670743.6406 1110.87399868033
107602 3 32675042.4014 1118.52705257935
107603 3 32679341.1621 1126.14366079298
107604 3 32683639.9229 1133.72126160132
107605 3 32687938.6836 1141.25729328447
107606 3 32692237.4443 1148.74919412254
107607 3 32696536.2051 1156.19440239561
107608 3 32700834.9658 1163.5903563838
107609 3 32705133.7266 1170.93449436719
107610 3 32709432.4873 1178.22425462591
107611 3 32713731.248 1185.45707544004
107612 3 32718030.0088 1192.63039508968
107613 3 32722328.7695 1199.74165185494
107614 3 32726627.5303 1206.78828401591
107615 3 32730926.291 1213.76772985271
107616 3 32735225.0518 1220.67742764542
107617 3 32739523.8125 1227.51481567414
107618 3 32743822.5732 1234.27733221899
107619 3 32748121.334 1240.96241556006
107620 3 32752420.0947 1247.56750397745
107621 3 32756718.8555 1254.09003575125
107622 3 32761017.6162 1260.52744916158
107623 3 32765316.377 1266.87718248854
107624 3 32769615.1377 1273.13667401221
107625 3 32773913.8984 1279.30336201271
107626 3 32778212.6592 1285.37468477013
107627 3 32782511.4199 1291.34808056458
107628 3 32786810.1807 1297.22098767615
107629 3 32791108.9414 1302.99084438495
107630 3 32795407.7021 1308.65508897108
107631 3 32799706.4629 1314.21115971463
107632 3 32804005.2236 1319.65649489571
107633 3 32808303.9844 1324.98853279442
107634 3 32812602.7451 1330.20471169086
107635 3 32816901.5059 1335.30246986513
107636 3 32821200.2666 1340.27924559733
107637 3 32825499.0273 1345.13247716756
107638 3 32829797.7881 1349.85960285593
107639 3 32834096.5488 1354.45806094252
107640 3 32838395.3096 1358.92528970745
107641 3 32842694.0703 1363.25872743082
107642 3 32846992.8311 1367.45581239271
107643 3 32851291.5918 1371.51398287324
107644 3 32855590.3525 1375.43067715251
107645 3 32859889.1133 1379.20333351062
107646 3 32864187.874 1382.82939022766
107647 3 32868486.6348 1386.30628558374
107648 3 32872785.3955 1389.63145785896
107649 3 32877084.1562 1392.80234533341
107650 3 32881382.917 1395.81638628721
107651 3 32885681.6777 1398.67101900045
107652 3 32889980.4385 1401.36368175322
107653 3 32894279.1992 1403.89181282564
107654 3 32898577.96 1406.2528504978
107655 3 32902876.7207 1408.44423304981
107656 3 32907175.4814 1410.46339876176
107657 3 32911474.2422 1412.30778591375
107658 3 32915773.0029 1414.06196286422
107659 3 32920071.7637 1415.81201858687
107660 3 32924370.5244 1417.55767228469
107661 3 32928669.2852 1419.29864316066
107662 3 32932968.0459 1421.03465041779
107663 3 32937266.8066 1422.76541325906
107664 3 32941565.5674 1424.49065088746
107665 3 32945864.3281 1426.21008250599
107666 3 32950163.0889 1427.92342731763
107667 3 32954461.8496 1429.63040452537
107668 3 32958760.6104 1431.33073333222
107669 3 32963059.3711 1433.02413294115
107670 3 32967358.1318 1434.71032255516
107671 3 32971656.8926 1436.38902137725
107672 3 32975955.6533 1438.05994861039
107673 3 32980254.4141 1439.72282345759
107674 3 32984553.1748 1441.37736512183
107675 3 32988851.9355 1443.02329280611
107676 3 32993150.6963 1444.66032571342
107677 3 32997449.457 1446.28818304674
107678 3 33001748.2178 1447.90658400907
107679 3 33006046.9785 1449.5152478034
107680 3 33010345.7393 1451.11389363273
107681 3 33014644.5 1452.70224070003
107682 3 33018943.2607 1454.28000820831
107683 3 33023242.0215 1455.84691536055
107684 3 33027540.7822 1457.40268135975
107685 3 33031839.543 1458.9470254089
107686 3 33036138.3037 1460.47966671098
107687 3 33040437.0645 1462.00032446899
107688 3 33044735.8252 1463.50871788593
107689 3 33049034.5859 1465.00456616477
107690 3 33053333.3467 1466.48758850852
107691 3 33057632.1074 1467.95750412016
107692 3 33061930.8682 1469.41403220269
107693 3 33066229.6289 1470.85689195909
107694 3 33070528.3896 1472.28580259236
107695 3 33074827.1504 1473.70048330548
107696 3 33079125.9111 1475.10065330146
107697 3 33083424.6719 1476.48603178328
107698 3 33087723.4326 1477.85633795393
107699 3 33092022.1934 1479.2112910164
107700 3 33096320.9541 1480.55061017369
107701 3 33100619.7148 1481.87401462878
107702 3 33104918.4756 1483.18122358467
107703 3 33109217.2363 1484.47195624435
107704 3 33113515.9971 1485.7459318108
107705 3 33117814.7578 1487.00286948703
107706 3 33122113.5186 1488.24248847601
107707 3 33126412.2793 1489.46450798075
107708 3 33130711.04 1490.66864720423
107709 3 33135009.8008 1491.85462534945
107710 3 33139308.5615 1493.02216161939
107711 3 33143607.3223 1494.17097521705
107712 3 33147906.083 1495.30078534542
107713 3 33152204.8438 1496.41131120748
107714 3 33156503.6045 1497.50227200624
107715 3 33160802.3652 1498.57338694467
107716 3 33165101.126 1499.62437522578
107717 3 33169399.8867 1500.65495605256
107718 3 33173698.6475 1501.66484862799
107719 3 33177997.4082 1502.65377215506
107720 3 33182296.1689 1503.62144583677
107721 3 33186594.9297 1504.56758887611
107722 3 33190893.6904 1505.49192047607
107723 3 33195192.4512 1506.39415983964
107724 3 33199491.2119 1507.27402616981
107725 3 33203789.9727 1508.13123866957
107726 3 33208088.7334 1508.96551654192
107727 3 33212387.4941 1509.77657898984
107728 3 33216686.2549 1510.56414521633
107729 3 33220985.0156 1511.32793442438
107730 3 33225283.7764 1512.06766581698
107731 3 33229582.5371 1512.78305859711
107732 3 33233881.2979 1513.47383196778
107733 3 33238180.0586 1514.13970513197
107734 3 33242478.8193 1514.78039729267
107735 3 33246777.5801 1515.39562765287
107736 3 33251076.3408 1515.98511541557
107737 3 33255375.1016 1516.54857978376
107738 3 33259673.8623 1517.08573996043
107739 3 33263972.623 1517.59631514856
107740 3 33268271.3838 1518.08002455116
107741 3 33272570.1445 1518.5365873712
107742 3 33276868.9053 1518.96572281169
107743 3 33281167.666 1519.36715007561
107744 3 33285466.4268 1519.74058836596
107745 3 33289765.1875 1520.08575688572
107746 3 33294063.9482 1520.40237483789
107747 3 33298362.709 1520.69016142546
107748 3 33302661.4697 1520.94883585141
107749 3 33306960.2305 1521.17811731875
107750 3 33311258.9912 1521.37772503046
107751 3 33315557.752 1521.54737818953
107752 3 33319856.5127 1521.68679599896
107753 3 33324155.2734 1521.79569766173
107754 3 33328454.0342 1521.87380238083
107755 3 33332752.7949 1521.92082935927
107756 3 33337051.5557 1521.93649780002
107757 3 33341350.3164 1521.92052690608
107758 3 33345649.0771 1521.87263588044
107759 3 33349947.8379 1521.7925439261
107760 3 33354246.5986 1521.67997024604
107761 3 33358545.3594 1521.53463404325
107762 3 33362844.1201 1521.35625452072
107763 3 33367142.8809 1521.14455088146
107764 3 33371441.6416 1520.89924232844
107765 3 33375740.4023 1520.62004806466
107766 3 33380039.1631 1520.30668729311
107767 3 33384337.9238 1519.95887921678
107768 3 33388636.6846 1519.57634303866
107769 3 33392935.4453 1519.15879796175
107770 3 33397234.2061 1518.70596318903
107771 3 33401532.9668 1518.2175579235
107772 3 33405831.7275 1517.69330136814
107773 3 33410130.4883 1517.13291272595
107774 3 33414429.249 1516.53611119993
107775 3 33418728.0098 1515.90261599305
107776 3 33423026.7705 1515.23214630831
107777 3 33427325.5312 1514.5244213487
107778 3 33431624.292 1513.77916031722
107779 3 33435923.0527 1512.99608241686
107780 3 33440221.8135 1512.1749068506
107781 3 33444520.5742 1511.31535282143
107782 3 33448819.335 1510.41713953236
107783 3 33453118.0957 1509.47998618636
107784 3 33457416.8564 1508.50361198644
107785 3 33461715.6172 1507.43890698731
107786 3 33466014.3779 1506.23820933985
107787 3 33470313.1387 1504.90341039122
107788 3 33474611.8994 1503.43640148863
107789 3 33478910.6602 1501.83907397925
107790 3 33483209.4209 1500.11331921028
107791 3 33487508.1816 1498.26102852891
107792 3 33491806.9424 1496.28409328231
107793 3 33496105.7031 1494.18440481768
107794 3 33500404.4639 1491.96385448221
107795 3 33504703.2246 1489.62433362307
107796 3 33509001.9854 1487.16773358747
107797 3 33513300.7461 1484.59594572258
107798 3 33517599.5068 1481.9108613756
107799 3 33521898.2676 1479.11437189371
107800 3 33526197.0283 1476.20836862409
107801 3 33530495.7891 1473.19474291394
107802 3 33534794.5498 1470.07538611044
107803 3 33539093.3105 1466.85218956079
107804 3 33543392.0713 1463.52704461215
107805 3 33547690.832 1460.10184261174
107806 3 33551989.5928 1456.57847490672
107807 3 33556288.3535 1452.95883284429
107808 3 33560587.1143 1449.24480777164
107809 3 33564885.875 1445.43829103595
107810 3 33569184.6357 1441.54117398441
107811 3 33573483.3965 1437.5553479642
107812 3 33577782.1572 1433.48270432252
107813 3 33582080.918 1429.32513440656
107814 3 33586379.6787 1425.08452956349
107815 3 33590678.4395 1420.7627811405
107816 3 33594977.2002 1416.36178048479
107817 3 33599275.9609 1411.88341894355
107818 3 33603574.7217 1407.32958786394
107819 3 33607873.4824 1402.70217859318
107820 3 33612172.2432 1398.00308247843
107821 3 33616471.0039 1393.2341908669
107822 3 33620769.7646 1388.39739510576
107823 3 33625068.5254 1383.4945865422
107824 3 33629367.2861 1378.52765652342
107825 3 33633666.0469 1373.49849639659
107826 3 33637964.8076 1368.40899750891
107827 3 33642263.5684 1363.26105120756
107828 3 33646562.3291 1358.05654883973
107829 3 33650861.0898 1352.79738175261
107830 3 33655159.8506 1347.48544129338
107831 3 33659458.6113 1342.12261880923
107832 3 33663757.3721 1336.71080564735
107833 3 33668056.1328 1331.25189315493
107834 3 33672354.8936 1325.74777267915
107835 3 33676653.6543 1320.2003355672
107836 3 33680952.415 1314.61147316626
107837 3 33685251.1758 1308.98307682353
107838 3 33689549.9365 1303.3170378862
107839 3 33693848.6973 1297.61524770144
107840 3 33698147.458 1291.87959761645
107841 3 33702446.2188 1286.11197897841
107842 3 33706744.9795 1280.31428313451
107843 3 33711043.7402 1274.48840143194
107844 3 33715342.501 1268.63622521789
107845 3 33719641.2617 1262.75964583953
107846 3 33723940.0225 1256.86055464407
107847 3 33728238.7832 1250.94084297868
107848 3 33732537.5439 1245.00240219056
107849 3 33736836.3047 1239.04712362689
107850 3 33741135.0654 1233.07689863485
107851 3 33745433.8262 1227.09361856164
107852 3 33749732.5869 1221.09917475445
107853 3 33754031.3477 1215.09545856045
107854 3 33758330.1084 1209.08436132684
107855 3 33762628.8691 1203.06777440081
107856 3 33766927.6299 1197.04758912953
107857 3 33771226.3906 1191.02569686021
107858 3 33775525.1514 1185.00398894002
107859 3 33779823.9121 1178.98435671615
107860 3 33784122.6729 1172.9686915358
107861 3 33788421.4336 1166.95888474614
107862 3 33792720.1943 1160.95682769437
107863 3 33797018.9551 1154.96441172766
107864 3 33801317.7158 1148.98352819322
107865 3 33805616.4766 1143.01606843823
107866 3 33809915.2373 1137.06392380986
107867 3 33814213.998 1131.12898565532
107868 3 33818512.7588 1125.21314532179
107869 3 33822811.5195 1119.31829415645
107870 3 33827110.2803 1113.44632350649
107871 3 33831409.041 1107.5991247191
107872 3 33835707.8018 1101.77858914147
107873 3 33840006.5625 1095.98660812079
107874 3 33844305.3232 1090.22507300423
107875 3 33848604.084 1084.495875139
107876 3 33852902.8447 1078.80090587227
107877 3 33857201.6055 1073.14205655123
107878 3 33861500.3662 1067.52121852307
107879 3 33865799.127 1061.94028313498
107880 3 33870097.8877 1056.40114173414
107881 3 33874396.6484 1050.90568566775
107882 3 33878695.4092 1045.45580628298
107883 3 33882994.1699 1040.05339492703
107884 3 33887292.9307 1034.70034294708
107885 3 33891591.6914 1029.39854169033
107886 3 33895890.4521 1024.14988250395
107887 3 33900189.2129 1018.95625673513
107888 3 33904487.9736 1013.81955573107
107889 3 33908786.7344 1008.74167083895
107890 3 33913085.4951 1003.72449340595
107891 3 33917384.2559 998.769914779271
107892 3 33921683.0166 993.879826306089
107893 3 33925981.7773 989.056119333596
107894 3 33930280.5381 984.300685208978
107895 3 33934579.2988 979.615415279422
107896 3 33938878.0596 975.002200892117
107897 3 33943176.8203 970.462933394248
107898 3 33947475.5811 965.999504133003
107899 3 33951774.3418 961.61380445557
107900 3 33956073.1025 957.307725709135
107901 3 33960371.8633 953.083159240886
107902 3 33964670.624 948.94199639801
107903 3 33968969.3848 944.886128527695
107904 3 33973268.1455 940.917446977126
107905 3 33977566.9062 937.037843093493
107906 3 33981865.667 933.249208223981
107907 3 33986164.4277 929.553433715778
107908 3 33990463.1885 925.952410916071
107909 3 33994761.9492 922.448031172048
107910 3 33999060.71 919.042185830895
107911 3 34003359.4707 915.7367662398
107912 3 34007658.2314 912.396739343351
107913 3 34011956.9922 908.887608013957
107914 3 34016255.7529 905.212067490544
107915 3 34020554.5137 901.372813012033
107916 3 34024853.2744 897.372539817347
107917 3 34029152.0352 893.213943145409
107918 3 34033450.7959 888.899718235143
107919 3 34037749.5566 884.432560325472
107920 3 34042048.3174 879.815164655317
107921 3 34046347.0781 875.050226463604
107922 3 34050645.8389 870.140440989253
107923 3 34054944.5996 865.088503471189
107924 3 34059243.3604 859.897109148334
107925 3 34063542.1211 854.568953259612
107926 3 34067840.8818 849.106731043945
107927 3 34072139.6426 843.513137740256
107928 3 34076438.4033 837.790868587469
107929 3 34080737.1641 831.942618824505
107930 3 34085035.9248 825.97108369029
107931 3 34089334.6855 819.878958423744
107932 3 34093633.4463 813.668938263792
107933 3 34097932.207 807.343718449356
107934 3 34102230.9678 800.905994219359
107935 3 34106529.7285 794.358460812725
107936 3 34110828.4893 787.703813468375
107937 3 34115127.25 780.944747425234
107938 3 34119426.0107 774.083957922224
107939 3 34123724.7715 767.124140198269
107940 3 34128023.5322 760.067989492291
107941 3 34132322.293 752.918201043212
