chr mid sweep_loess
54058 9 21281326.9937 7.94118305305071
54059 9 21286572.3271 8.00971799432055
54060 9 21291817.6606 8.07740883225347
54061 9 21297062.9941 8.14423272239098
54062 9 21302308.3276 8.21016682027459
54063 9 21307553.6611 8.27518828144583
54064 9 21312798.9946 8.33927426144621
54065 9 21318044.3281 8.40240191581725
54066 9 21323289.6616 8.46454840010045
54067 9 21328534.9951 8.52569086983735
54068 9 21333780.3286 8.58580648056945
54069 9 21339025.6621 8.64487238783826
54070 9 21344270.9956 8.70286574718532
54071 9 21349516.3291 8.75976371415212
54072 9 21354761.6626 8.81554344428019
54073 9 21360006.9961 8.87018209311104
54074 9 21365252.3296 8.9236568161862
54075 9 21370497.6631 8.97594476904716
54076 9 21375742.9966 9.02702310723546
54077 9 21380988.3301 9.0768689862926
54078 9 21386233.6636 9.12545956176011
54079 9 21391478.9971 9.17277198917949
54080 9 21396724.3306 9.21878342409227
54081 9 21401969.6641 9.26347102203995
54082 9 21407214.9976 9.30681193856407
54083 9 21412460.3311 9.34878332920612
54084 9 21417705.6646 9.3907799684372
54085 9 21422950.998 9.43419495544393
54086 9 21428196.3315 9.47900293284113
54087 9 21433441.665 9.52517854324363
54088 9 21438686.9985 9.57269642926625
54089 9 21443932.332 9.62153123352382
54090 9 21449177.6655 9.67165759863116
54091 9 21454422.999 9.72305016720309
54092 9 21459668.3325 9.77568358185446
54093 9 21464913.666 9.82953248520006
54094 9 21470158.9995 9.88457151985474
54095 9 21475404.333 9.94077532843332
54096 9 21480649.6665 9.99811855355061
54097 9 21485895 10.0565758378215
54098 9 21491140.3335 10.1161218238607
54099 9 21496385.667 10.1767311542831
54100 9 21501631.0005 10.2383784717035
54101 9 21506876.334 10.3010384187368
54102 9 21512121.6675 10.3646856379977
54103 9 21517367.001 10.4292947721012
54104 9 21522612.3345 10.4948404636619
54105 9 21527857.668 10.5612973552948
54106 9 21533103.0015 10.6286400896147
54107 9 21538348.335 10.6968433092364
54108 9 21543593.6685 10.7658816567747
54109 9 21548839.002 10.8357297748444
54110 9 21554084.3354 10.9063623060604
54111 9 21559329.6689 10.9777538930375
54112 9 21564575.0024 11.0498791783906
54113 9 21569820.3359 11.1227128047343
54114 9 21575065.6694 11.1962294146837
54115 9 21580311.0029 11.2704036508534
54116 9 21585556.3364 11.3452101558583
54117 9 21590801.6699 11.4206235723133
54118 9 21596047.0034 11.4966185428332
54119 9 21601292.3369 11.5731697100327
54120 9 21606537.6704 11.6502517165268
54121 9 21611783.0039 11.7278392049302
54122 9 21617028.3374 11.8059068178578
54123 9 21622273.6709 11.8844291979243
54124 9 21627519.0044 11.9633809877447
54125 9 21632764.3379 12.0427368299338
54126 9 21638009.6714 12.1224713671063
54127 9 21643255.0049 12.2025592418771
54128 9 21648500.3384 12.282975096861
54129 9 21653745.6719 12.3636935746728
54130 9 21658991.0054 12.4446893179274
54131 9 21664236.3389 12.5259369692396
54132 9 21669481.6724 12.6074111712242
54133 9 21674727.0059 12.6890865664961
54134 9 21679972.3394 12.77093779767
54135 9 21685217.6729 12.8529395073609
54136 9 21690463.0063 12.9350663381834
54137 9 21695708.3398 13.0172929327525
54138 9 21700953.6733 13.0995939336829
54139 9 21706199.0068 13.1819439835895
54140 9 21711444.3403 13.2643177250872
54141 9 21716689.6738 13.3466898007907
54142 9 21721935.0073 13.4290348533148
54143 9 21727180.3408 13.5113275252745
54144 9 21732425.6743 13.5935424592844
54145 9 21737671.0078 13.6756542979595
54146 9 21742916.3413 13.7576376839146
54147 9 21748161.6748 13.8394672597644
54148 9 21753407.0083 13.9211176681239
54149 9 21758652.3418 14.0025635516078
54150 9 21763897.6753 14.0837795528309
54151 9 21769143.0088 14.1647403144082
54152 9 21774388.3423 14.2454204789543
54153 9 21779633.6758 14.3257946890842
54154 9 21784879.0093 14.4058375874127
54155 9 21790124.3428 14.4855238165546
54156 9 21795369.6763 14.5648280191246
54157 9 21800615.0098 14.6437248377377
54158 9 21805860.3433 14.7221889150087
54159 9 21811105.6768 14.8001948935524
54160 9 21816351.0103 14.8777174159835
54161 9 21821596.3438 14.954731124917
54162 9 21826841.6772 15.0312106629677
54163 9 21832087.0107 15.1071306727503
54164 9 21837332.3442 15.1824657968798
54165 9 21842577.6777 15.2571906779709
54166 9 21847823.0112 15.3312799586385
54167 9 21853068.3447 15.4047082814973
54168 9 21858313.6782 15.4774502891623
54169 9 21863559.0117 15.5494806242481
54170 9 21868804.3452 15.6207739293698
54171 9 21874049.6787 15.691304847142
54172 9 21879295.0122 15.7610480201797
54173 9 21884540.3457 15.8299780910976
54174 9 21889785.6792 15.8980697025105
54175 9 21895031.0127 15.9652974970333
54176 9 21900276.3462 16.0316361172809
54177 9 21905521.6797 16.097060205868
54178 9 21910767.0132 16.1615444054094
54179 9 21916012.3467 16.22506335852
54180 9 21921257.6802 16.2875917078146
54181 9 21926503.0137 16.3491040959081
54182 9 21931748.3472 16.4095751654152
54183 9 21936993.6807 16.4689795589508
54184 9 21942239.0142 16.5272919191297
54185 9 21947484.3477 16.5844868885668
54186 9 21952729.6812 16.6405391098768
54187 9 21957975.0146 16.6954232256746
54188 9 21963220.3481 16.7491138785749
54189 9 21968465.6816 16.8015857111928
54190 9 21973711.0151 16.8528133661429
54191 9 21978956.3486 16.90277148604
54192 9 21984201.6821 16.9514347134991
54193 9 21989447.0156 16.9987776911349
54194 9 21994692.3491 17.0447750615623
54195 9 21999937.6826 17.089401467396
54196 9 22005183.0161 17.132631551251
54197 9 22010428.3496 17.1744399557419
54198 9 22015673.6831 17.2148013234838
54199 9 22020919.0166 17.2536902970913
54200 9 22026164.3501 17.2910815191793
54201 9 22031409.6836 17.3269496323627
54202 9 22036655.0171 17.3612692792562
54203 9 22041900.3506 17.3940151024747
54204 9 22047145.6841 17.425161744633
54205 9 22052391.0176 17.4546838483459
54206 9 22057636.3511 17.4825560562283
54207 9 22062881.6846 17.508753010895
54208 9 22068127.0181 17.5332493549608
54209 9 22073372.3516 17.5560197310405
54210 9 22078617.6851 17.5770387817489
54211 9 22083863.0186 17.5972876446341
54212 9 22089108.3521 17.6177594513795
54213 9 22094353.6855 17.6384468358028
54214 9 22099599.019 17.6593424317219
54215 9 22104844.3525 17.6804388729548
54216 9 22110089.686 17.7017287933193
54217 9 22115335.0195 17.7232048266333
54218 9 22120580.353 17.7448596067145
54219 9 22125825.6865 17.766685767381
54220 9 22131071.02 17.7886759424506
54221 9 22136316.3535 17.8108227657411
54222 9 22141561.687 17.8331188710704
54223 9 22146807.0205 17.8555568922563
54224 9 22152052.354 17.8781294631169
54225 9 22157297.6875 17.9008292174698
54226 9 22162543.021 17.9236487891331
54227 9 22167788.3545 17.9465808119244
54228 9 22173033.688 17.9696179196619
54229 9 22178279.0215 17.9927527461632
54230 9 22183524.355 18.0159779252463
54231 9 22188769.6885 18.039286090729
54232 9 22194015.022 18.0626698764292
54233 9 22199260.3555 18.0861219161648
54234 9 22204505.689 18.1096348437536
54235 9 22209751.0225 18.1332012930136
54236 9 22214996.356 18.1568138977625
54237 9 22220241.6895 18.1804652918183
54238 9 22225487.0229 18.2041481089988
54239 9 22230732.3564 18.2278549831219
54240 9 22235977.6899 18.2515785480054
54241 9 22241223.0234 18.2753114374673
54242 9 22246468.3569 18.2990462853254
54243 9 22251713.6904 18.3227757253975
54244 9 22256959.0239 18.3464923915016
54245 9 22262204.3574 18.3701889174555
54246 9 22267449.6909 18.3938579370771
54247 9 22272695.0244 18.4174920841842
54248 9 22277940.3579 18.4410839925947
54249 9 22283185.6914 18.4646262961265
54250 9 22288431.0249 18.4881116285975
54251 9 22293676.3584 18.5115326238255
54252 9 22298921.6919 18.5348819156284
54253 9 22304167.0254 18.558152137824
54254 9 22309412.3589 18.5813359242303
54255 9 22314657.6924 18.6044259086651
54256 9 22319903.0259 18.6274147249462
54257 9 22325148.3594 18.6502950068916
54258 9 22330393.6929 18.6730593883191
54259 9 22335639.0264 18.6957005030466
54260 9 22340884.3599 18.7182109848919
54261 9 22346129.6934 18.740583467673
54262 9 22351375.0269 18.7628105852076
54263 9 22356620.3604 18.7848849713137
54264 9 22361865.6938 18.8067992598091
54265 9 22367111.0273 18.8285460845117
54266 9 22372356.3608 18.8501180792394
54267 9 22377601.6943 18.87150787781
54268 9 22382847.0278 18.8927081140414
54269 9 22388092.3613 18.9137114217515
54270 9 22393337.6948 18.9345104347581
54271 9 22398583.0283 18.9550977868792
54272 9 22403828.3618 18.9754661119325
54273 9 22409073.6953 18.995608043736
54274 9 22414319.0288 19.0155162161075
54275 9 22419564.3623 19.0351832628649
54276 9 22424809.6958 19.054601817826
54277 9 22430055.0293 19.0737645148088
54278 9 22435300.3628 19.092663987631
54279 9 22440545.6963 19.1112928701107
54280 9 22445791.0298 19.1296437960656
54281 9 22451036.3633 19.1477093993135
54282 9 22456281.6968 19.1654823136725
54283 9 22461527.0303 19.1829551729603
54284 9 22466772.3638 19.2001206109948
54285 9 22472017.6973 19.2169712615939
54286 9 22477263.0308 19.2334997585755
54287 9 22482508.3643 19.2496987357574
54288 9 22487753.6978 19.2655608269574
54289 9 22492999.0312 19.2810786659936
54290 9 22498244.3647 19.2962448866836
54291 9 22503489.6982 19.3110521228455
54292 9 22508735.0317 19.325493008297
54293 9 22513980.3652 19.3395601768561
54294 9 22519225.6987 19.3532462623406
54295 9 22524471.0322 19.3665438985684
54296 9 22529716.3657 19.3794457193573
54297 9 22534961.6992 19.3919443585252
54298 9 22540207.0327 19.40403244989
54299 9 22545452.3662 19.4157026272696
54300 9 22550697.6997 19.4269475244818
54301 9 22555943.0332 19.4377597753445
54302 9 22561188.3667 19.4481320136756
54303 9 22566433.7002 19.4580568732928
54304 9 22571679.0337 19.4675269880142
54305 9 22576924.3672 19.4765349916576
54306 9 22582169.7007 19.4850735180408
54307 9 22587415.0342 19.4931352009817
54308 9 22592660.3677 19.5007126742982
54309 9 22597905.7012 19.5077985718082
54310 9 22603151.0347 19.5143855273295
54311 9 22608396.3682 19.5204661746799
54312 9 22613641.7017 19.5260331476775
54313 9 22618887.0352 19.5310790801399
54314 9 22624132.3687 19.5355966058852
54315 9 22629377.7021 19.5395783587311
54316 9 22634623.0356 19.5430169724955
54317 9 22639868.3691 19.5459050809964
54318 9 22645113.7026 19.5482353180515
54319 9 22650359.0361 19.5500003174788
54320 9 22655604.3696 19.5511927130961
54321 9 22660849.7031 19.5518051387213
54322 9 22666095.0366 19.5518302281722
54323 9 22671340.3701 19.5512606152668
54324 9 22676585.7036 19.5500889338228
54325 9 22681831.0371 19.5483078176582
54326 9 22687076.3706 19.5459099005909
54327 9 22692321.7041 19.5428878164386
54328 9 22697567.0376 19.5392341990193
54329 9 22702812.3711 19.5349416821509
54330 9 22708057.7046 19.5300028996511
54331 9 22713303.0381 19.524410485338
54332 9 22718548.3716 19.5181570730292
54333 9 22723793.7051 19.5112352965428
54334 9 22729039.0386 19.5036377896966
54335 9 22734284.3721 19.4953571863085
54336 9 22739529.7056 19.4863861201962
54337 9 22744775.0391 19.4767172251778
54338 9 22750020.3726 19.4660004233432
54339 9 22755265.7061 19.4539028349033
54340 9 22760511.0396 19.440442890857
54341 9 22765756.373 19.4256390222033
54342 9 22771001.7065 19.4095096599414
54343 9 22776247.04 19.3920732350701
54344 9 22781492.3735 19.3733481785884
54345 9 22786737.707 19.3533529214955
54346 9 22791983.0405 19.3321058947902
54347 9 22797228.374 19.3096255294717
54348 9 22802473.7075 19.2859302565388
54349 9 22807719.041 19.2610385069907
54350 9 22812964.3745 19.2349687118262
54351 9 22818209.708 19.2077393020445
54352 9 22823455.0415 19.1793687086445
54353 9 22828700.375 19.1498753626252
54354 9 22833945.7085 19.1192776949857
54355 9 22839191.042 19.0875941367249
54356 9 22844436.3755 19.0548431188418
54357 9 22849681.709 19.0210430723355
54358 9 22854927.0425 18.986212428205
54359 9 22860172.376 18.9503696174492
54360 9 22865417.7095 18.9135330710672
54361 9 22870663.043 18.8757212200579
54362 9 22875908.3765 18.8369524954205
54363 9 22881153.71 18.7972453281538
54364 9 22886399.0435 18.756618149257
54365 9 22891644.377 18.7150893897289
54366 9 22896889.7104 18.6726774805686
54367 9 22902135.0439 18.6294008527751
54368 9 22907380.3774 18.5852779373475
54369 9 22912625.7109 18.5403271652847
54370 9 22917871.0444 18.4945669675857
54371 9 22923116.3779 18.4480157752495
54372 9 22928361.7114 18.4006920192752
54373 9 22933607.0449 18.3526141306617
54374 9 22938852.3784 18.3038005404081
54375 9 22944097.7119 18.2542696795133
54376 9 22949343.0454 18.2040399789764
54377 9 22954588.3789 18.1531298697964
54378 9 22959833.7124 18.1015577829723
54379 9 22965079.0459 18.049342149503
54380 9 22970324.3794 17.9965014003876
54381 9 22975569.7129 17.9430539666251
54382 9 22980815.0464 17.8890182792145
54383 9 22986060.3799 17.8344127691548
54384 9 22991305.7134 17.779255867445
54385 9 22996551.0469 17.7235660050841
54386 9 23001796.3804 17.6673616130712
54387 9 23007041.7139 17.6106611224051
54388 9 23012287.0474 17.553482964085
54389 9 23017532.3809 17.4958455691099
54390 9 23022777.7144 17.4377673684787
54391 9 23028023.0479 17.3792667931904
54392 9 23033268.3813 17.3203622742441
54393 9 23038513.7148 17.2610722426388
54394 9 23043759.0483 17.2014151293734
54395 9 23049004.3818 17.141409365447
54396 9 23054249.7153 17.0810733818586
54397 9 23059495.0488 17.0204256096071
54398 9 23064740.3823 16.9594844796917
54399 9 23069985.7158 16.8982684231112
54400 9 23075231.0493 16.8367958708648
54401 9 23080476.3828 16.7750852539514
54402 9 23085721.7163 16.7131550033699
54403 9 23090967.0498 16.6510235501195
54404 9 23096212.3833 16.5887093251992
54405 9 23101457.7168 16.5262307596078
54406 9 23106703.0503 16.4636062843445
54407 9 23111948.3838 16.4008543304083
54408 9 23117193.7173 16.337993328798
54409 9 23122439.0508 16.2750417105129
54410 9 23127684.3843 16.2120179065518
54411 9 23132929.7178 16.1489403479138
54412 9 23138175.0513 16.0858274655978
54413 9 23143420.3848 16.0226976906029
54414 9 23148665.7183 15.9595694539281
54415 9 23153911.0518 15.8964611865724
54416 9 23159156.3853 15.8333913195348
54417 9 23164401.7188 15.7703782838143
54418 9 23169647.0522 15.7074405104099
54419 9 23174892.3857 15.6445964303206
54420 9 23180137.7192 15.5818644745455
54421 9 23185383.0527 15.5192630740834
54422 9 23190628.3862 15.4568106599335
54423 9 23195873.7197 15.3945256630948
54424 9 23201119.0532 15.3324265145661
54425 9 23206364.3867 15.2705316453467
54426 9 23211609.7202 15.2088594864353
54427 9 23216855.0537 15.1474284688312
54428 9 23222100.3872 15.0862570235332
54429 9 23227345.7207 15.0253635815403
54430 9 23232591.0542 14.9647665738517
54431 9 23237836.3877 14.9044844314662
54432 9 23243081.7212 14.8445355853829
54433 9 23248327.0547 14.7849384666009
54434 9 23253572.3882 14.725711506119
54435 9 23258817.7217 14.6668731349363
54436 9 23264063.0552 14.6084417840519
54437 9 23269308.3887 14.5504358844646
54438 9 23274553.7222 14.4928738671736
54439 9 23279799.0557 14.4357741631778
54440 9 23285044.3892 14.3791552034763
54441 9 23290289.7227 14.3230354190679
54442 9 23295535.0562 14.2674332409519
54443 9 23300780.3896 14.2123671001271
54444 9 23306025.7231 14.1578554275925
54445 9 23311271.0566 14.1039166543472
54446 9 23316516.3901 14.0505692113902
54447 9 23321761.7236 13.9978315297205
54448 9 23327007.0571 13.945722040337
54449 9 23332252.3906 13.8942591742389
54450 9 23337497.7241 13.843461362425
54451 9 23342743.0576 13.7933470358944
54452 9 23347988.3911 13.7439346256462
54453 9 23353233.7246 13.6952425626792
54454 9 23358479.0581 13.6472892779926
54455 9 23363724.3916 13.6000932025853
54456 9 23368969.7251 13.5536727674563
54457 9 23374215.0586 13.5080464036046
54458 9 23379460.3921 13.4632325420293
54459 9 23384705.7256 13.4192496137294
54460 9 23389951.0591 13.3761160497038
54461 9 23395196.3926 13.3338502809515
54462 9 23400441.7261 13.2924707384716
54463 9 23405687.0596 13.2519958532631
54464 9 23410932.3931 13.212444056325
54465 9 23416177.7266 13.1722140946149
54466 9 23421423.0601 13.1297162599518
54467 9 23426668.3936 13.084986300626
54468 9 23431913.7271 13.0380599649282
54469 9 23437159.0605 12.9889730011488
54470 9 23442404.394 12.9377611575785
54471 9 23447649.7275 12.8844601825077
54472 9 23452895.061 12.8291058242269
54473 9 23458140.3945 12.7717338310268
54474 9 23463385.728 12.7123799511979
54475 9 23468631.0615 12.6510799330307
54476 9 23473876.395 12.5878695248156
54477 9 23479121.7285 12.5227844748434
54478 9 23484367.062 12.4558605314044
54479 9 23489612.3955 12.3871334427893
54480 9 23494857.729 12.3166389572886
54481 9 23500103.0625 12.2444128231928
54482 9 23505348.396 12.1704907887924
54483 9 23510593.7295 12.0949086023781
54484 9 23515839.063 12.0177020122402
54485 9 23521084.3965 11.9389067666695
54486 9 23526329.73 11.8585586139563
54487 9 23531575.0635 11.7766933023912
54488 9 23536820.397 11.6933465802648
54489 9 23542065.7305 11.6085541958677
54490 9 23547311.064 11.5223518974903
54491 9 23552556.3975 11.4347754334231
54492 9 23557801.731 11.3458605519568
54493 9 23563047.0645 11.2556430013818
54494 9 23568292.3979 11.1641585299888
54495 9 23573537.7314 11.0714428860681
54496 9 23578783.0649 10.9775318179105
54497 9 23584028.3984 10.8824610738063
54498 9 23589273.7319 10.7862664020462
54499 9 23594519.0654 10.6889835509206
54500 9 23599764.3989 10.5906482687202
54501 9 23605009.7324 10.4912963037354
54502 9 23610255.0659 10.3909634042568
54503 9 23615500.3994 10.2896853185749
54504 9 23620745.7329 10.1874977949803
54505 9 23625991.0664 10.0844365817635
54506 9 23631236.3999 9.98053742721504
54507 9 23636481.7334 9.87583607962544
54508 9 23641727.0669 9.77036828728525
54509 9 23646972.4004 9.664169798485
54510 9 23652217.7339 9.55727636151524
54511 9 23657463.0674 9.44972372466649
54512 9 23662708.4009 9.3415476362293
54513 9 23667953.7344 9.2327838444942
54514 9 23673199.0679 9.12346809775174
54515 9 23678444.4014 9.01363614429244
54516 9 23683689.7349 8.90332373240684
54517 9 23688935.0684 8.79256661038549
54518 9 23694180.4019 8.6814005265189
54519 9 23699425.7354 8.56986122909764
54520 9 23704671.0688 8.45798446641222
54521 9 23709916.4023 8.3458059867532
54522 9 23715161.7358 8.23336153841109
54523 9 23720407.0693 8.12068686967645
54524 9 23725652.4028 8.0078177288398
54525 9 23730897.7363 7.89478986419169
92618 2 11421364.1797 7.91348335930333
92619 2 11425727.7969 7.94483927910206
92620 2 11430091.4141 7.976030644064
92621 2 11434455.0312 8.00704728651153
92622 2 11438818.6484 8.03787903876702
92623 2 11443182.2656 8.06851573315284
92624 2 11447545.8828 8.09894720199136
92625 2 11451909.5 8.12916327760495
92626 2 11456273.1172 8.15915379231599
92627 2 11460636.7344 8.18890857844684
92628 2 11465000.3516 8.21841746831988
92629 2 11469363.9688 8.24767029425748
92630 2 11473727.5859 8.27665688858201
92631 2 11478091.2031 8.30536708361585
92632 2 11482454.8203 8.33379071168136
92633 2 11486818.4375 8.36191760510092
92634 2 11491182.0547 8.3897375961969
92635 2 11495545.6719 8.41724051729167
92636 2 11499909.2891 8.4444162007076
92637 2 11504272.9062 8.47125447876707
92638 2 11508636.5234 8.49774518379244
92639 2 11513000.1406 8.5238781481061
92640 2 11517363.7578 8.5496432040304
92641 2 11521727.375 8.57503018388772
92642 2 11526090.9922 8.60002892000044
92643 2 11530454.6094 8.62462924469093
92644 2 11534818.2266 8.64882099028155
92645 2 11539181.8438 8.67259398909468
92646 2 11543545.4609 8.69593807345269
92647 2 11547909.0781 8.71884307567796
92648 2 11552272.6953 8.74129882809285
92649 2 11556636.3125 8.76329516301973
92650 2 11560999.9297 8.78482191278099
92651 2 11565363.5469 8.80586890969898
92652 2 11569727.1641 8.82642598609609
92653 2 11574090.7812 8.84648297429468
92654 2 11578454.3984 8.86602970661713
92655 2 11582818.0156 8.8850560153858
92656 2 11587181.6328 8.90355173292307
92657 2 11591545.25 8.92150669155132
92658 2 11595908.8672 8.93891072359291
92659 2 11600272.4844 8.95575366137021
92660 2 11604636.1016 8.9720253372056
92661 2 11608999.7188 8.98771558342145
92662 2 11613363.3359 9.00281423234012
92663 2 11617726.9531 9.017311116284
92664 2 11622090.5703 9.03119606757546
92665 2 11626454.1875 9.04445891853686
92666 2 11630817.8047 9.05708950149058
92667 2 11635181.4219 9.06907764875898
92668 2 11639545.0391 9.08041319266445
92669 2 11643908.6562 9.09108596552935
92670 2 11648272.2734 9.10108579967606
92671 2 11652635.8906 9.11040252742694
92672 2 11656999.5078 9.11902598110437
92673 2 11661363.125 9.12694599303072
92674 2 11665726.7422 9.13415239552837
92675 2 11670090.3594 9.14063502091967
92676 2 11674453.9766 9.14638370152702
92677 2 11678817.5938 9.15138826967277
92678 2 11683181.2109 9.15588608988801
92679 2 11687544.8281 9.16012277065335
92680 2 11691908.4453 9.16410051021539
92681 2 11696272.0625 9.16782150682078
92682 2 11700635.6797 9.17128795871614
92683 2 11704999.2969 9.1745020641481
92684 2 11709362.9141 9.17746602136328
92685 2 11713726.5312 9.18018202860832
92686 2 11718090.1484 9.18265228412984
92687 2 11722453.7656 9.18487898617447
92688 2 11726817.3828 9.18686433298885
92689 2 11731181 9.18861052281958
92690 2 11735544.6172 9.19011975391332
92691 2 11739908.2344 9.19139422451668
92692 2 11744271.8516 9.19243613287629
92693 2 11748635.4688 9.19324767723878
92694 2 11752999.0859 9.19383105585078
92695 2 11757362.7031 9.19418846695891
92696 2 11761726.3203 9.19432210880981
92697 2 11766089.9375 9.1942341796501
92698 2 11770453.5547 9.19392687772641
92699 2 11774817.1719 9.19340240128537
92700 2 11779180.7891 9.19266294857361
92701 2 11783544.4062 9.19171071783776
92702 2 11787908.0234 9.19054790732443
92703 2 11792271.6406 9.18917671528027
92704 2 11796635.2578 9.1875993399519
92705 2 11800998.875 9.18581797958594
92706 2 11805362.4922 9.18383483242903
92707 2 11809726.1094 9.1816520967278
92708 2 11814089.7266 9.17927197072886
92709 2 11818453.3438 9.17669665267886
92710 2 11822816.9609 9.17392834082441
92711 2 11827180.5781 9.17096923341215
92712 2 11831544.1953 9.16782152868871
92713 2 11835907.8125 9.16448742490071
92714 2 11840271.4297 9.16096912029478
92715 2 11844635.0469 9.15726881311755
92716 2 11848998.6641 9.15338870161564
92717 2 11853362.2812 9.14933098403569
92718 2 11857725.8984 9.14509785862433
92719 2 11862089.5156 9.14069152362817
92720 2 11866453.1328 9.13611417729386
92721 2 11870816.75 9.13136801786801
92722 2 11875180.3672 9.12645524359726
92723 2 11879543.9844 9.12137805272823
92724 2 11883907.6016 9.11613864350756
92725 2 11888271.2188 9.11073921418187
92726 2 11892634.8359 9.10518196299778
92727 2 11896998.4531 9.09946908820193
92728 2 11901362.0703 9.09360278804095
92729 2 11905725.6875 9.08758526076146
92730 2 11910089.3047 9.08141870461009
92731 2 11914452.9219 9.07510531783347
92732 2 11918816.5391 9.06864729867822
92733 2 11923180.1562 9.06204684539098
92734 2 11927543.7734 9.05530615621838
92735 2 11931907.3906 9.04842742940704
92736 2 11936271.0078 9.04141286320359
92737 2 11940634.625 9.03426465585465
92738 2 11944998.2422 9.02698500560686
92739 2 11949361.8594 9.01957611070685
92740 2 11953725.4766 9.01204016940124
92741 2 11958089.0938 9.00437937993666
92742 2 11962452.7109 8.99659594055974
92743 2 11966816.3281 8.9886920495171
92744 2 11971179.9453 8.98066990505539
92745 2 11975543.5625 8.97253170542121
92746 2 11979907.1797 8.9642796488612
92747 2 11984270.7969 8.955915933622
92748 2 11988634.4141 8.94744275795022
92749 2 11992998.0312 8.9388623200925
92750 2 11997361.6484 8.93017681829546
92751 2 12001725.2656 8.92138845080573
92752 2 12006088.8828 8.91249941586995
92753 2 12010452.5 8.90351191173473
92754 2 12014816.1172 8.89442813664671
92755 2 12019179.7344 8.88525028885251
92756 2 12023543.3516 8.87598056659877
92757 2 12027906.9688 8.8666211681321
92758 2 12032270.5859 8.85717429169915
92759 2 12036634.2031 8.84764213554653
92760 2 12040997.8203 8.83802689792088
92761 2 12045361.4375 8.82833077706882
92762 2 12049725.0547 8.81855597123699
92763 2 12054088.6719 8.808704678672
92764 2 12058452.2891 8.79877909762049
92765 2 12062815.9062 8.78878142632909
92766 2 12067179.5234 8.77871386304442
92767 2 12071543.1406 8.76857860601311
92768 2 12075906.7578 8.75837785348179
92769 2 12080270.375 8.7481138036971
92770 2 12084633.9922 8.73778865490565
92771 2 12088997.6094 8.72740460535407
92772 2 12093361.2266 8.716963853289
92773 2 12097724.8438 8.70646859695705
92774 2 12102088.4609 8.69592103460487
92775 2 12106452.0781 8.68532336447908
92776 2 12110815.6953 8.6746777848263
92777 2 12115179.3125 8.66398649389316
92778 2 12119542.9297 8.6532516899263
92779 2 12123906.5469 8.64247557117233
92780 2 12128270.1641 8.63166033587789
92781 2 12132633.7812 8.62080818228961
92782 2 12136997.3984 8.60992130865412
92783 2 12141361.0156 8.59900191321803
92784 2 12145724.6328 8.58805219422799
92785 2 12150088.25 8.57707434993062
92786 2 12154451.8672 8.56607057857254
92787 2 12158815.4844 8.55504307840039
92788 2 12163179.1016 8.54399404766079
92789 2 12167542.7188 8.53292568460038
92790 2 12171906.3359 8.52184018746576
92791 2 12176269.9531 8.51073975450359
92792 2 12180633.5703 8.49962658396049
92793 2 12184997.1875 8.48850287408308
92794 2 12189360.8047 8.47737082311799
92795 2 12193724.4219 8.46623262931185
92796 2 12198088.0391 8.45509049091129
92797 2 12202451.6562 8.44394660616294
92798 2 12206815.2734 8.43280317331342
92799 2 12211178.8906 8.42166239060936
92800 2 12215542.5078 8.4105264562974
92801 2 12219906.125 8.39939756862415
92802 2 12224269.7422 8.38827792583625
92803 2 12228633.3594 8.37716972618033
92804 2 12232996.9766 8.36607516790301
92805 2 12237360.5938 8.35445607293988
92806 2 12241724.2109 8.34178316106358
92807 2 12246087.8281 8.32807197727633
92808 2 12250451.4453 8.31333806658032
92809 2 12254815.0625 8.29759697397777
92810 2 12259178.6797 8.28086424447089
92811 2 12263542.2969 8.26315542306187
92812 2 12267905.9141 8.24448605475294
92813 2 12272269.5312 8.22487168454629
92814 2 12276633.1484 8.20432785744414
92815 2 12280996.7656 8.1828701184487
92816 2 12285360.3828 8.16051401256216
92817 2 12289724 8.13727508478674
92818 2 12294087.6172 8.11316888012465
92819 2 12298451.2344 8.0882109435781
92820 2 12302814.8516 8.06241682014928
92821 2 12307178.4688 8.03580205484041
92822 2 12311542.0859 8.00838219265371
92823 2 12315905.7031 7.98017277859136
92824 2 12320269.3203 7.95118935765559
92825 2 12324632.9375 7.9214474748486
104946 3 21257533.8701 7.89707213059124
104947 3 21261832.6309 7.90069727215752
104948 3 21266131.3916 7.90418802210757
104949 3 21270430.1523 7.90754260247205
104950 3 21274728.9131 7.91075923528162
104951 3 21279027.6738 7.91383614256692
104952 3 21283326.4346 7.91677154635862
104953 3 21287625.1953 7.91956366868738
104954 3 21291923.9561 7.92221073158384
104955 3 21296222.7168 7.92471095707866
104956 3 21300521.4775 7.9270625672025
104957 3 21304820.2383 7.92926378398601
104958 3 21309118.999 7.93131282945986
104959 3 21313417.7598 7.93320792565468
104960 3 21317716.5205 7.93494729460115
104961 3 21322015.2812 7.93652915832992
104962 3 21326314.042 7.93795173887163
104963 3 21330612.8027 7.93921325825695
104964 3 21334911.5635 7.94031193851653
104965 3 21339210.3242 7.94124600168103
104966 3 21343509.085 7.9420136697811
104967 3 21347807.8457 7.9426131648474
104968 3 21352106.6064 7.94304270891059
104969 3 21356405.3672 7.94330052400131
104970 3 21360704.1279 7.94338483215023
104971 3 21365002.8887 7.94329385538799
104972 3 21369301.6494 7.94302581574527
104973 3 21373600.4102 7.9425789352527
104974 3 21377899.1709 7.94195143594095
104975 3 21382197.9316 7.94114153984068
104976 3 21386496.6924 7.94014746898253
104977 3 21390795.4531 7.93896744539716
104978 3 21395094.2139 7.93759969111524
104979 3 21399392.9746 7.93604242816741
104980 3 21403691.7354 7.93429387858432
104981 3 21407990.4961 7.93235226439664
104982 3 21412289.2568 7.93021580763502
104983 3 21416588.0176 7.92788273033012
104984 3 21420886.7783 7.92535125451259
104985 3 21425185.5391 7.92261960221309
104986 3 21429484.2998 7.91968599546227
104987 3 21433783.0605 7.91654865629079
104988 3 21438081.8213 7.9132058067293
104989 3 21442380.582 7.90965566880846
104990 3 21446679.3428 7.90589646455892
104991 3 21450978.1035 7.90192641601135
104992 3 21455276.8643 7.89754858951329
109758 3 41943170.5615 8.29245760769702
109759 3 41947469.3223 8.70474414404308
109760 3 41951768.083 9.1171094713091
109761 3 41956066.8438 9.52945452992836
109762 3 41960365.6045 9.94168026033416
109763 3 41964664.3652 10.3536876029598
109764 3 41968963.126 10.7653774982385
109765 3 41973261.8867 11.1766508866037
109766 3 41977560.6475 11.5874087084885
109767 3 41981859.4082 11.9975519043263
109768 3 41986158.1689 12.4069814145503
109769 3 41990456.9297 12.8155981795939
109770 3 41994755.6904 13.2233031398904
109771 3 41999054.4512 13.6299972358729
109772 3 42003353.2119 14.0355814079749
109773 3 42007651.9727 14.4399565966295
109774 3 42011950.7334 14.8430237422702
109775 3 42016249.4941 15.2446837853301
109776 3 42020548.2549 15.6448376662425
109777 3 42024847.0156 16.0433863254408
109778 3 42029145.7764 16.4402307033583
109779 3 42033444.5371 16.8352717404281
109780 3 42037743.2979 17.2284103770837
109781 3 42042042.0586 17.6195475537583
109782 3 42046340.8193 18.0085842108851
109783 3 42050639.5801 18.3954212888975
109784 3 42054938.3408 18.7799597282287
109785 3 42059237.1016 19.1621004693121
109786 3 42063535.8623 19.5417444525809
109787 3 42067834.623 19.9187926184684
109788 3 42072133.3838 20.293145907408
109789 3 42076432.1445 20.6647052598328
109790 3 42080730.9053 21.0333716161762
109791 3 42085029.666 21.3990459168715
109792 3 42089328.4268 21.7616291023519
109793 3 42093627.1875 22.1210221130507
109794 3 42097925.9482 22.4771258894013
109795 3 42102224.709 22.8298413718368
109796 3 42106523.4697 23.1790695007907
109797 3 42110822.2305 23.5247112166962
109798 3 42115120.9912 23.8666674599865
109799 3 42119419.752 24.204839171095
109800 3 42123718.5127 24.5391272904549
109801 3 42128017.2734 24.8694327584996
109802 3 42132316.0342 25.1956565156623
109803 3 42136614.7949 25.5176995023763
109804 3 42140913.5557 25.8354626590749
109805 3 42145212.3164 26.1488469261914
109806 3 42149511.0771 26.457753244159
109807 3 42153809.8379 26.7620825534111
109808 3 42158108.5986 27.061735794381
109809 3 42162407.3594 27.3566139075018
109810 3 42166706.1201 27.646617833207
109811 3 42171004.8809 27.9316485119298
109812 3 42175303.6416 28.2116068841035
109813 3 42179602.4023 28.4863938901614
109814 3 42183901.1631 28.7559104705367
109815 3 42188199.9238 29.0200575656628
109816 3 42192498.6846 29.287469026159
109817 3 42196797.4453 29.5667100463489
109818 3 42201096.2061 29.8575785822224
109819 3 42205394.9668 30.1598725897693
109820 3 42209693.7275 30.4733900249796
109821 3 42213992.4883 30.797928843843
109822 3 42218291.249 31.1332870023494
109823 3 42222590.0098 31.4792624564887
109824 3 42226888.7705 31.8356531622508
109825 3 42231187.5312 32.2022570756253
109826 3 42235486.292 32.5788721526024
109827 3 42239785.0527 32.9652963491716
109828 3 42244083.8135 33.361327621323
109829 3 42248382.5742 33.7667639250464
109830 3 42252681.335 34.1814032163316
109831 3 42256980.0957 34.6050434511685
109832 3 42261278.8564 35.037482585547
109833 3 42265577.6172 35.4785185754568
109834 3 42269876.3779 35.9279493768879
109835 3 42274175.1387 36.38557294583
109836 3 42278473.8994 36.8511872382732
109837 3 42282772.6602 37.3245902102071
109838 3 42287071.4209 37.8055798176217
109839 3 42291370.1816 38.2939540165067
109840 3 42295668.9424 38.7895107628522
109841 3 42299967.7031 39.2920480126478
109842 3 42304266.4639 39.8013637218835
109843 3 42308565.2246 40.3172558465491
109844 3 42312863.9854 40.8395223426345
109845 3 42317162.7461 41.3679611661295
109846 3 42321461.5068 41.902370273024
109847 3 42325760.2676 42.4425476193078
109848 3 42330059.0283 42.9882911609708
109849 3 42334357.7891 43.5393988540028
109850 3 42338656.5498 44.0956686543937
109851 3 42342955.3105 44.6568985181333
109852 3 42347254.0713 45.2228864012115
109853 3 42351552.832 45.7934302596182
109854 3 42355851.5928 46.3683280493431
109855 3 42360150.3535 46.9473777263762
109856 3 42364449.1143 47.5303772467073
109857 3 42368747.875 48.1171245663263
109858 3 42373046.6357 48.7074176412229
109859 3 42377345.3965 49.3010544273871
109860 3 42381644.1572 49.8978328808087
109861 3 42385942.918 50.4975509574776
109862 3 42390241.6787 51.1000066133836
109863 3 42394540.4395 51.7049978045166
109864 3 42398839.2002 52.3123224868663
109865 3 42403137.9609 52.9217786164228
109866 3 42407436.7217 53.5331641491758
109867 3 42411735.4824 54.1462770411151
109868 3 42416034.2432 54.7609152482307
109869 3 42420333.0039 55.3768767265123
109870 3 42424631.7646 55.9939594319499
109871 3 42428930.5254 56.6119613205333
109872 3 42433229.2861 57.2306803482523
109873 3 42437528.0469 57.8499144710968
109874 3 42441826.8076 58.4694616450567
109875 3 42446125.5684 59.0891198261217
109876 3 42450424.3291 59.7086869702818
109877 3 42454723.0898 60.3279610335268
109878 3 42459021.8506 60.9467399718465
109879 3 42463320.6113 61.5648217412309
109880 3 42467619.3721 62.1820042976697
109881 3 42471918.1328 62.7980855971528
109882 3 42476216.8936 63.4128635956701
109883 3 42480515.6543 64.0261362492114
109884 3 42484814.415 64.6377015137666
109885 3 42489113.1758 65.2473573453255
109886 3 42493411.9365 65.854901699878
109887 3 42497710.6973 66.4601325334139
109888 3 42502009.458 67.0628478019231
109889 3 42506308.2188 67.6628454613954
109890 3 42510606.9795 68.2599234678207
109891 3 42514905.7402 68.8538797771888
109892 3 42519204.501 69.4445123454896
109893 3 42523503.2617 70.031619128713
109894 3 42527802.0225 70.6149980828487
109895 3 42532100.7832 71.1944471638867
109896 3 42536399.5439 71.7697643278169
109897 3 42540698.3047 72.3407475306289
109898 3 42544997.0654 72.9071947283128
109899 3 42549295.8262 73.4689038768583
109900 3 42553594.5869 74.0256729322553
109901 3 42557893.3477 74.5772998504937
109902 3 42562192.1084 75.1235825875633
109903 3 42566490.8691 75.664319099454
109904 3 42570789.6299 76.1993073421556
109905 3 42575088.3906 76.728345271658
109906 3 42579387.1514 77.2512308439509
109907 3 42583685.9121 77.7677620150244
109908 3 42587984.6729 78.2777367408682
109909 3 42592283.4336 78.7809529774722
109910 3 42596582.1943 79.2772086808262
109911 3 42600880.9551 79.7663018069201
109912 3 42605179.7158 80.2480303117438
109913 3 42609478.4766 80.722192151287
109914 3 42613777.2373 81.1885852815397
109915 3 42618075.998 81.6470076584917
109916 3 42622374.7588 82.0972572381328
109917 3 42626673.5195 82.539131976453
109918 3 42630972.2803 82.972429829442
109919 3 42635271.041 83.3969487530897
109920 3 42639569.8018 83.8124867033859
109921 3 42643868.5625 84.2188416363206
109922 3 42648167.3232 84.6158115078835
109923 3 42652466.084 85.0031942740646
109924 3 42656764.8447 85.3807878908537
109925 3 42661063.6055 85.7483903142405
109926 3 42665362.3662 86.105799500215
109927 3 42669661.127 86.4528134047671
109928 3 42673959.8877 86.7892299838865
109929 3 42678258.6484 87.1148471935632
109930 3 42682557.4092 87.429462989787
109931 3 42686856.1699 87.7328753285477
109932 3 42691154.9307 88.0248821658351
109933 3 42695453.6914 88.3052814576393
109934 3 42699752.4521 88.5738711599499
109935 3 42704051.2129 88.8304492287569
109936 3 42708349.9736 89.0748136200501
109937 3 42712648.7344 89.3067622898193
109938 3 42716947.4951 89.5260931940544
109939 3 42721246.2559 89.7326042887453
109940 3 42725545.0166 89.9260935298819
109941 3 42729843.7773 90.1063588734538
109942 3 42734142.5381 90.2731982754511
109943 3 42738441.2988 90.4342429363321
109944 3 42742740.0596 90.5972224102533
109945 3 42747038.8203 90.7620821837522
109946 3 42751337.5811 90.9287677433661
109947 3 42755636.3418 91.0972245756324
109948 3 42759935.1025 91.2673981670884
109949 3 42764233.8633 91.4392340042716
109950 3 42768532.624 91.6126775737192
109951 3 42772831.3848 91.7876743619687
109952 3 42777130.1455 91.9641698555573
109953 3 42781428.9062 92.1421095410225
109954 3 42785727.667 92.3214389049017
109955 3 42790026.4277 92.5021034337321
109956 3 42794325.1885 92.6840486140512
109957 3 42798623.9492 92.8672199323962
109958 3 42802922.71 93.0515628753047
109959 3 42807221.4707 93.2370229293138
109960 3 42811520.2314 93.4235455809611
109961 3 42815818.9922 93.6110763167838
109962 3 42820117.7529 93.7995606233194
109963 3 42824416.5137 93.9889439871051
109964 3 42828715.2744 94.1791718946784
109965 3 42833014.0352 94.3701898325765
109966 3 42837312.7959 94.561943287337
109967 3 42841611.5566 94.7543777454971
109968 3 42845910.3174 94.9474386935941
109969 3 42850209.0781 95.1410716181655
109970 3 42854507.8389 95.3352220057487
109971 3 42858806.5996 95.5298353428809
109972 3 42863105.3604 95.7248571160995
109973 3 42867404.1211 95.920232811942
109974 3 42871702.8818 96.1159079169456
109975 3 42876001.6426 96.3118279176477
109976 3 42880300.4033 96.5079383005858
109977 3 42884599.1641 96.7041845522971
109978 3 42888897.9248 96.900512159319
109979 3 42893196.6855 97.0968666081889
109980 3 42897495.4463 97.2931933854441
109981 3 42901794.207 97.489437977622
109982 3 42906092.9678 97.68554587126
109983 3 42910391.7285 97.8814625528954
109984 3 42914690.4893 98.0771335090656
109985 3 42918989.25 98.2725042263079
109986 3 42923288.0107 98.4675201911598
109987 3 42927586.7715 98.6621268901585
109988 3 42931885.5322 98.8562698098415
109989 3 42936184.293 99.0498944367461
109990 3 42940483.0537 99.2429462574096
109991 3 42944781.8145 99.4353707583695
109992 3 42949080.5752 99.627113426163
109993 3 42953379.3359 99.8181197473276
109994 3 42957678.0967 100.008335208401
109995 3 42961976.8574 100.197705295919
109996 3 42966275.6182 100.386175496421
109997 3 42970574.3789 100.573691296444
109998 3 42974873.1396 100.760198182524
109999 3 42979171.9004 100.945641641199
110000 3 42983472 101.129967159007
110001 4 289 101.313120222485
110002 4 4822.8223 101.495046318171
110003 4 9356.6445 101.675690932601
110004 4 13890.4668 101.854999552313
110005 4 18424.2891 102.032917663844
110006 4 22958.1113 102.209390753732
110007 4 27491.9336 102.384364308515
110008 4 32025.7559 102.557783814728
110009 4 36559.5781 102.729594758911
110010 4 41093.4004 102.8997426276
110011 4 45627.2227 103.068172907332
110012 4 50161.0449 103.234831084646
110013 4 54694.8672 103.399662646077
110014 4 59228.6895 103.562613078164
110015 4 63762.5117 103.723627867445
110016 4 68296.334 103.882652500455
110017 4 72830.1562 104.039632463734
110018 4 77363.9785 104.194513243817
110019 4 81897.8008 104.347240327243
110020 4 86431.623 104.497759200549
110021 4 90965.4453 104.646015350272
110022 4 95499.2676 104.79195426295
110023 4 100033.0898 104.935521425119
110024 4 104566.9121 105.076662323318
110025 4 109100.7344 105.215322444083
110026 4 113634.5566 105.351447273952
110027 4 118168.3789 105.484982299463
110028 4 122702.2012 105.615873007153
110029 4 127236.0234 105.744064883558
110030 4 131769.8457 105.869503415217
110031 4 136303.668 105.992134088667
110032 4 140837.4902 106.111902390445
110033 4 145371.3125 106.228753807089
110034 4 149905.1348 106.342633825135
110035 4 154438.957 106.453487931122
110036 4 158972.7793 106.561261611586
110037 4 163506.6016 106.665900353065
110038 4 168040.4238 106.767349642097
110039 4 172574.2461 106.865554965218
110040 4 177108.0684 106.960461808967
110041 4 181641.8906 107.052015659879
110042 4 186175.7129 107.140162004494
110043 4 190709.5352 107.224846329348
110044 4 195243.3574 107.306014120978
110045 4 199777.1797 107.383610865922
110046 4 204311.002 107.457582050718
110047 4 208844.8242 107.527873161902
110048 4 213378.6465 107.594429686012
110049 4 217912.4688 107.657197109585
110050 4 222446.291 107.716120919159
110051 4 226980.1133 107.771146601272
110052 4 231513.9355 107.822219642459
110053 4 236047.7578 107.869285529259
110054 4 240581.5801 107.91228974821
110055 4 245115.4023 107.951177785848
110056 4 249649.2246 107.985895128711
110057 4 254183.0469 108.016387263336
110058 4 258716.8691 108.04259967626
110059 4 263250.6914 108.064477854022
110060 4 267784.5137 108.081967283158
110061 4 272318.3359 108.095013450206
110062 4 276852.1582 108.103561841702
110063 4 281385.9805 108.107557944185
110064 4 285919.8027 108.106947244192
110065 4 290453.625 108.10167522826
110066 4 294987.4473 108.091687382927
110067 4 299521.2695 108.076929194729
110068 4 304055.0918 108.057346150204
110069 4 308588.9141 108.03288373589
110070 4 313122.7363 108.002128729028
110071 4 317656.5586 107.963770476308
110072 4 322190.3809 107.917908318439
110073 4 326724.2031 107.864641596131
110074 4 331258.0254 107.804069650094
110075 4 335791.8477 107.736291821038
110076 4 340325.6699 107.661407449673
110077 4 344859.4922 107.579515876709
110078 4 349393.3145 107.490716442856
110079 4 353927.1367 107.395108488823
110080 4 358460.959 107.292791355321
110081 4 362994.7812 107.183864383059
110082 4 367528.6035 107.068426912747
110083 4 372062.4258 106.946578285096
110084 4 376596.248 106.818417840814
110085 4 381130.0703 106.684044920613
110086 4 385663.8926 106.543558865201
110087 4 390197.7148 106.397059015289
110088 4 394731.5371 106.244644711587
110089 4 399265.3594 106.086415294804
110090 4 403799.1816 105.92247010565
110091 4 408333.0039 105.752908484836
110092 4 412866.8262 105.577829773071
110093 4 417400.6484 105.397333311065
110094 4 421934.4707 105.211518439528
110095 4 426468.293 105.02048449917
110096 4 431002.1152 104.8243308307
110097 4 435535.9375 104.623156774829
110098 4 440069.7598 104.417061672267
110099 4 444603.582 104.206144863723
110100 4 449137.4043 103.990505689907
110101 4 453671.2266 103.770243491529
110102 4 458205.0488 103.5454576093
110103 4 462738.8711 103.316247383928
110104 4 467272.6934 103.082712156124
110105 4 471806.5156 102.844951266598
110106 4 476340.3379 102.60306405606
110107 4 480874.1602 102.357149865219
110108 4 485407.9824 102.107308034785
110109 4 489941.8047 101.853637905469
110110 4 494475.627 101.59623881798
110111 4 499009.4492 101.335210113028
110112 4 503543.2715 101.070651131323
110113 4 508077.0938 100.802661213574
110114 4 512610.916 100.531339700493
110115 4 517144.7383 100.256785932788
110116 4 521678.5605 99.9790992511695
110117 4 526212.3828 99.6983789963475
110118 4 530746.2051 99.4147245090317
110119 4 535280.0273 99.1282351299321
110120 4 539813.8496 98.8390101997586
110121 4 544347.6719 98.5471490592211
110122 4 548881.4941 98.2527510490294
110123 4 553415.3164 97.9559155098934
110124 4 557949.1387 97.6567417825231
110125 4 562482.9609 97.3553292076282
110126 4 567016.7832 97.0517771259188
110127 4 571550.6055 96.7461848781046
110128 4 576084.4277 96.4386518048957
110129 4 580618.25 96.1292772470018
110130 4 585152.0723 95.8181605451328
110131 4 589685.8945 95.5054010399988
110132 4 594219.7168 95.1910980723094
110133 4 598753.5391 94.8753509827747
110134 4 603287.3613 94.5582591121045
110135 4 607821.1836 94.2399218010087
110136 4 612355.0059 93.9204383901972
110137 4 616888.8281 93.5999082203799
110138 4 621422.6504 93.2784306322667
110139 4 625956.4727 92.9561049665674
110140 4 630490.2949 92.633030563992
110141 4 635024.1172 92.3093067652504
110142 4 639557.9395 91.9850329110524
110143 4 644091.7617 91.6603083421079
110144 4 648625.584 91.3352323991268
110145 4 653159.4062 91.009904422819
110146 4 657693.2285 90.6844237538944
110147 4 662227.0508 90.3588897330629
110148 4 666760.873 90.0334017010343
110149 4 671294.6953 89.7080589985187
110150 4 675828.5176 89.3829609662257
110151 4 680362.3398 89.0582069448654
110152 4 684896.1621 88.7338962751477
110153 4 689429.9844 88.4101282977824
110154 4 693963.8066 88.0870023534793
110155 4 698497.6289 87.7646177829485
110156 4 703031.4512 87.4430739268998
110157 4 707565.2734 87.122470126043
110158 4 712099.0957 86.8029057210881
110159 4 716632.918 86.484480052745
110160 4 721166.7402 86.1672924617234
110161 4 725700.5625 85.8514422887335
110162 4 730234.3848 85.537028874485
110163 4 734768.207 85.2241515596877
110164 4 739302.0293 84.9129096850517
110165 4 743835.8516 84.6034025912868
110166 4 748369.6738 84.2957296191029
110167 4 752903.4961 83.9899901092098
110168 4 757437.3184 83.6862834023175
110169 4 761971.1406 83.3847088391359
110170 4 766504.9629 83.0853657603748
110171 4 771038.7852 82.7883535067441
110172 4 775572.6074 82.4937714189537
110173 4 780106.4297 82.2017188377136
110174 4 784640.252 81.9122951037335
110175 4 789174.0742 81.6255995577235
110176 4 793707.8965 81.3417315403933
110177 4 798241.7188 81.0607903924529
110178 4 802775.541 80.7828754546121
110179 4 807309.3633 80.5080860675809
110180 4 811843.1855 80.2365215720691
110181 4 816377.0078 79.9682813087867
110182 4 820910.8301 79.7034646184435
110183 4 825444.6523 79.4421708417493
110184 4 829978.4746 79.1844993194142
110185 4 834512.2969 78.930549392148
110186 4 839046.1191 78.6804204006605
110187 4 843579.9414 78.4342116856617
110188 4 848113.7637 78.1920225878615
110189 4 852647.5859 77.9539524479697
110190 4 857181.4082 77.7201006066962
110191 4 861715.2305 77.4905664047509
110192 4 866249.0527 77.2654491828438
110193 4 870782.875 77.0448482816846
110194 4 875316.6973 76.8288630419834
110195 4 879850.5195 76.6175928044499
110196 4 884384.3418 76.4111369097941
110197 4 888918.1641 76.2001770151589
110198 4 893451.9863 75.9754708887557
110199 4 897985.8086 75.737232037897
110200 4 902519.6309 75.4856739698951
110201 4 907053.4531 75.2210101920626
110202 4 911587.2754 74.9434542117119
110203 4 916121.0977 74.6532195361554
110204 4 920654.9199 74.3505196727057
110205 4 925188.7422 74.0355681286753
110206 4 929722.5645 73.7085784113765
110207 4 934256.3867 73.3697640281218
110208 4 938790.209 73.0193384862237
110209 4 943324.0312 72.6575152929947
110210 4 947857.8535 72.2845079557472
110211 4 952391.6758 71.9005299817937
110212 4 956925.498 71.5057948784466
110213 4 961459.3203 71.1005161530184
110214 4 965993.1426 70.6849073128217
110215 4 970526.9648 70.2591818651687
110216 4 975060.7871 69.823553317372
110217 4 979594.6094 69.3782351767441
110218 4 984128.4316 68.9234409505974
110219 4 988662.2539 68.4593841462444
110220 4 993196.0762 67.9862782709975
110221 4 997729.8984 67.5043368321693
110222 4 1002263.7207 67.0137733370721
110223 4 1006797.543 66.5148012930184
110224 4 1011331.3652 66.0076342073207
110225 4 1015865.1875 65.4924855872915
110226 4 1020399.0098 64.9695689402432
110227 4 1024932.832 64.4390977734883
110228 4 1029466.6543 63.9012855943392
110229 4 1034000.4766 63.3563459101085
110230 4 1038534.2988 62.8044922281085
110231 4 1043068.1211 62.2459380556517
110232 4 1047601.9434 61.6808969000507
110233 4 1052135.7656 61.1095822686178
110234 4 1056669.5879 60.5322076686655
110235 4 1061203.4102 59.9489866075063
110236 4 1065737.2324 59.3601325924526
110237 4 1070271.0547 58.7658591308169
110238 4 1074804.877 58.1663797299117
110239 4 1079338.6992 57.5619078970495
110240 4 1083872.5215 56.9526571395426
110241 4 1088406.3438 56.3388409647036
110242 4 1092940.166 55.7206728798449
110243 4 1097473.9883 55.098366392279
110244 4 1102007.8105 54.4721350093184
110245 4 1106541.6328 53.8421922382754
110246 4 1111075.4551 53.2087515864626
110247 4 1115609.2773 52.5720265611925
110248 4 1120143.0996 51.9322306697774
110249 4 1124676.9219 51.2895774195299
110250 4 1129210.7441 50.6442803177624
110251 4 1133744.5664 49.9965528717874
110252 4 1138278.3887 49.3466085889174
110253 4 1142812.2109 48.6946609764647
110254 4 1147346.0332 48.0409235417419
110255 4 1151879.8555 47.3856097920615
110256 4 1156413.6777 46.7289332347358
110257 4 1160947.5 46.0711073770774
110258 4 1165481.3223 45.4123457263988
110259 4 1170015.1445 44.7528617900122
110260 4 1174548.9668 44.0928690752304
110261 4 1179082.7891 43.4325810893656
110262 4 1183616.6113 42.7722113397305
110263 4 1188150.4336 42.1119733336373
110264 4 1192684.2559 41.4520805783987
110265 4 1197218.0781 40.792746581327
110266 4 1201751.9004 40.1341848497347
110267 4 1206285.7227 39.4766088909343
110268 4 1210819.5449 38.8202322122382
110269 4 1215353.3672 38.165268320959
110270 4 1219887.1895 37.511930724409
110271 4 1224421.0117 36.8604329299008
110272 4 1228954.834 36.2109884447467
110273 4 1233488.6562 35.5638107762593
110274 4 1238022.4785 34.9191134317511
110275 4 1242556.3008 34.2771099185344
110276 4 1247090.123 33.6380137439217
110277 4 1251623.9453 33.0020384152256
110278 4 1256157.7676 32.3693974397584
110279 4 1260691.5898 31.7403043248327
110280 4 1265225.4121 31.1149725777608
110281 4 1269759.2344 30.4936157058553
110282 4 1274293.0566 29.8764472164286
110283 4 1278826.8789 29.2636806167932
110284 4 1283360.7012 28.6555294142616
110285 4 1287894.5234 28.0522071161462
110286 4 1292428.3457 27.4539272297594
110287 4 1296962.168 26.8609032624137
110288 4 1301495.9902 26.2733487214217
110289 4 1306029.8125 25.6914771140957
110290 4 1310563.6348 25.1155019477482
110291 4 1315097.457 24.5456367296917
110292 4 1319631.2793 23.9820949672387
110293 4 1324165.1016 23.4250901677016
110294 4 1328698.9238 22.8748358383928
110295 4 1333232.7461 22.3315454866249
110296 4 1337766.5684 21.7954326197102
110297 4 1342300.3906 21.2667107449613
110298 4 1346834.2129 20.7455933696906
110299 4 1351368.0352 20.2322940012107
110300 4 1355901.8574 19.7270261468338
110301 4 1360435.6797 19.2300033138726
110302 4 1364969.502 18.7414390096394
110303 4 1369503.3242 18.2615467414468
110304 4 1374037.1465 17.7905400166071
110305 4 1378570.9688 17.3286323424329
110306 4 1383104.791 16.8760372262367
110307 4 1387638.6133 16.4329681753308
110308 4 1392172.4355 15.9996386970277
110309 4 1396706.2578 15.57626229864
110310 4 1401240.0801 15.16305248748
110311 4 1405773.9023 14.7602227708603
110312 4 1410307.7246 14.3679866560933
110313 4 1414841.5469 13.9865576504914
110314 4 1419375.3691 13.6161492613671
110315 4 1423909.1914 13.2569749960329
110316 4 1428443.0137 12.9092483618013
110317 4 1432976.8359 12.5731828659847
110318 4 1437510.6582 12.2489920158955
110319 4 1442044.4805 11.9368893188463
110320 4 1446578.3027 11.6370882821494
110321 4 1451112.125 11.3498024131174
110322 4 1455645.9473 11.0752452190628
110323 4 1460179.7695 10.8136302072979
110324 4 1464713.5918 10.5588070816977
110325 4 1469247.4141 10.3044905691671
110326 4 1473781.2363 10.0506917115633
110327 4 1478315.0586 9.79742155074367
110328 4 1482848.8809 9.54469112856557
110329 4 1487382.7031 9.29251148688629
110330 4 1491916.5254 9.04089366756315
110331 4 1496450.3477 8.78984871245347
110332 4 1500984.1699 8.53938766341458
110333 4 1505517.9922 8.2895215623038
110334 4 1510051.8145 8.04026145097844
